
Iterations = 60275:70250
Thinning interval = 25 
Number of chains = 3 
Sample size per chain = 400 

1. Empirical mean and standard deviation for each variable,
   plus standard error of the mean:

                  Mean      SD Naive SE Time-series SE
index.new[1]   0.36484 0.94537 0.027290       0.026075
index.new[2]   0.24142 0.94647 0.027322       0.027694
index.new[3]  -0.21422 1.02356 0.029548       0.028877
index.new[4]  -0.35001 1.01853 0.029402       0.029382
index.new[5]   0.40560 1.10822 0.031992       0.033279
index.new[6]   0.27659 1.07424 0.031011       0.032375
index.new[7]  -0.10920 0.92833 0.026799       0.027762
index.new[8]  -0.22360 0.96180 0.027765       0.028422
index.new[9]  -0.71688 0.98986 0.028575       0.028594
index.new[10] -0.86271 1.02816 0.029680       0.032531
index.new[11] -0.16282 1.07236 0.030957       0.033091
index.new[12] -0.23751 1.12248 0.032403       0.033649
index.new[13]  0.03272 0.96360 0.027817       0.031199
index.new[14] -0.10052 0.93347 0.026947       0.023788
index.new[15] -0.55010 1.00241 0.028937       0.030293
index.new[16] -0.73006 0.96018 0.027718       0.027691
index.new[17]  0.05154 1.03880 0.029988       0.029983
index.new[18] -0.14213 1.05805 0.030543       0.032505
mu.new[1]      0.37677 0.19923 0.005751       0.005574
mu.new[2]      0.23520 0.10496 0.003030       0.002921
mu.new[3]     -0.21783 0.34809 0.010048       0.010038
mu.new[4]     -0.35940 0.34994 0.010102       0.010437
mu.new[5]      0.38229 0.50370 0.014541       0.017962
mu.new[6]      0.24072 0.54141 0.015629       0.020404
mu.new[7]     -0.09504 0.19382 0.005595       0.005593
mu.new[8]     -0.23662 0.13754 0.003970       0.004100
mu.new[9]     -0.68964 0.32347 0.009338       0.009760
mu.new[10]    -0.83122 0.34051 0.009830       0.010269
mu.new[11]    -0.08952 0.50277 0.014514       0.017950
mu.new[12]    -0.23110 0.54974 0.015870       0.019678
mu.new[13]     0.02890 0.20149 0.005817       0.005818
mu.new[14]    -0.11268 0.11417 0.003296       0.003260
mu.new[15]    -0.56570 0.33175 0.009577       0.009961
mu.new[16]    -0.70728 0.33535 0.009681       0.010008
mu.new[17]     0.03442 0.47274 0.013647       0.016958
mu.new[18]    -0.10716 0.51381 0.014832       0.018500
prob[1]        0.77500 0.41776 0.012060       0.012651
prob[2]        0.96417 0.18595 0.005368       0.006072
prob[3]        0.51000 0.50011 0.014437       0.016870
prob[4]        0.99667 0.05766 0.001665       0.001664
prob[5]        0.98583 0.11823 0.003413       0.003550
prob[6]        0.82750 0.37797 0.010911       0.011773
prob[7]        0.61750 0.48620 0.014035       0.014592
prob[8]        0.19583 0.39701 0.011461       0.011930
prob[9]        0.08417 0.27775 0.008018       0.008024
prob[10]       0.74417 0.43651 0.012601       0.012078
prob[11]       0.27583 0.44712 0.012907       0.013862
prob[12]       0.18833 0.39114 0.011291       0.011645
prob[13]       0.03250 0.17740 0.005121       0.005261
prob[14]       0.01583 0.12488 0.003605       0.003921
prob[15]       0.72750 0.44543 0.012858       0.012838
prob[16]       0.23000 0.42101 0.012153       0.012879
prob[17]       0.68833 0.46337 0.013376       0.013604
prob[18]       0.43917 0.49649 0.014333       0.014341
prob[19]       0.67500 0.46857 0.013526       0.015153
prob.new[1]    0.52250 0.49970 0.014425       0.014296
prob.new[2]    0.65583 0.47529 0.013721       0.013096
prob.new[3]    0.48917 0.50009 0.014436       0.014439
prob.new[4]    0.63250 0.48233 0.013924       0.013935
prob.new[5]    0.59833 0.49044 0.014158       0.012292
prob.new[6]    0.66250 0.47305 0.013656       0.013659
prob.new[7]    0.52917 0.49936 0.014415       0.015013
prob.new[8]    0.37250 0.48367 0.013962       0.013831
prob.new[9]    0.38833 0.48757 0.014075       0.013518
prob.new[10]   0.57417 0.49467 0.014280       0.013270
prob.new[11]   0.40083 0.49027 0.014153       0.018341
prob.new[12]   0.45167 0.49787 0.014372       0.014374
prob.new[13]   0.35667 0.47921 0.013834       0.013823
prob.new[14]   0.40000 0.49010 0.014148       0.012983
prob.new[15]   0.57000 0.49528 0.014298       0.014520
prob.new[16]   0.35000 0.47717 0.013775       0.013786
prob.new[17]   0.54417 0.49825 0.014383       0.014769
prob.new[18]   0.49417 0.50017 0.014439       0.013401
prob.new[19]   0.60750 0.48851 0.014102       0.014231

2. Quantiles for each variable:

                  2.5%      25%      50%      75%    97.5%
index.new[1]  -1.45133 -0.28850  0.40574  1.02083  2.16281
index.new[2]  -1.64637 -0.39006  0.25391  0.86838  2.10811
index.new[3]  -2.28667 -0.86015 -0.15675  0.44639  1.66926
index.new[4]  -2.44887 -1.01896 -0.33983  0.34731  1.61072
index.new[5]  -1.75587 -0.35422  0.40826  1.13861  2.58737
index.new[6]  -1.73614 -0.49213  0.27299  1.04355  2.37835
index.new[7]  -1.91396 -0.75195 -0.12689  0.56968  1.56867
index.new[8]  -2.04620 -0.86691 -0.24068  0.41632  1.71523
index.new[9]  -2.64458 -1.36955 -0.72898 -0.06697  1.15918
index.new[10] -2.86467 -1.56024 -0.87053 -0.15373  1.04077
index.new[11] -2.22095 -0.92592 -0.14977  0.56771  1.90480
index.new[12] -2.34143 -0.99325 -0.27577  0.46391  2.15780
index.new[13] -1.91462 -0.61413  0.01324  0.65911  1.95251
index.new[14] -1.91363 -0.75158 -0.08150  0.56028  1.74401
index.new[15] -2.53600 -1.21645 -0.52917  0.12805  1.34645
index.new[16] -2.59288 -1.37616 -0.72570 -0.06794  1.08947
index.new[17] -2.01213 -0.66074  0.06156  0.75475  2.03447
index.new[18] -2.17418 -0.89101 -0.11929  0.57237  1.98799
mu.new[1]     -0.04420  0.23970  0.37810  0.51361  0.76206
mu.new[2]      0.01614  0.16714  0.24082  0.30270  0.43214
mu.new[3]     -0.91715 -0.45608 -0.21065  0.02453  0.43997
mu.new[4]     -1.09244 -0.58078 -0.35233 -0.12704  0.30521
mu.new[5]     -0.55683  0.03655  0.37136  0.71119  1.39475
mu.new[6]     -0.77500 -0.14220  0.23360  0.59013  1.32132
mu.new[7]     -0.46729 -0.22239 -0.09139  0.04061  0.28711
mu.new[8]     -0.51918 -0.32278 -0.23868 -0.14322  0.02021
mu.new[9]     -1.35094 -0.90423 -0.69178 -0.46685 -0.07908
mu.new[10]    -1.49874 -1.04838 -0.83059 -0.60322 -0.19999
mu.new[11]    -1.06656 -0.41930 -0.10225  0.24122  0.90853
mu.new[12]    -1.29176 -0.59514 -0.25452  0.12874  0.84919
mu.new[13]    -0.35268 -0.10314  0.02771  0.15979  0.43777
mu.new[14]    -0.32697 -0.19002 -0.11258 -0.03651  0.11172
mu.new[15]    -1.19603 -0.78869 -0.57754 -0.33849  0.07865
mu.new[16]    -1.37498 -0.92540 -0.70448 -0.48335 -0.06091
mu.new[17]    -0.86346 -0.28046  0.01745  0.34429  0.96860
mu.new[18]    -1.10702 -0.45727 -0.12051  0.23107  0.91270
prob[1]        0.00000  1.00000  1.00000  1.00000  1.00000
prob[2]        0.00000  1.00000  1.00000  1.00000  1.00000
prob[3]        0.00000  0.00000  1.00000  1.00000  1.00000
prob[4]        1.00000  1.00000  1.00000  1.00000  1.00000
prob[5]        1.00000  1.00000  1.00000  1.00000  1.00000
prob[6]        0.00000  1.00000  1.00000  1.00000  1.00000
prob[7]        0.00000  0.00000  1.00000  1.00000  1.00000
prob[8]        0.00000  0.00000  0.00000  0.00000  1.00000
prob[9]        0.00000  0.00000  0.00000  0.00000  1.00000
prob[10]       0.00000  0.00000  1.00000  1.00000  1.00000
prob[11]       0.00000  0.00000  0.00000  1.00000  1.00000
prob[12]       0.00000  0.00000  0.00000  0.00000  1.00000
prob[13]       0.00000  0.00000  0.00000  0.00000  1.00000
prob[14]       0.00000  0.00000  0.00000  0.00000  0.00000
prob[15]       0.00000  0.00000  1.00000  1.00000  1.00000
prob[16]       0.00000  0.00000  0.00000  0.00000  1.00000
prob[17]       0.00000  0.00000  1.00000  1.00000  1.00000
prob[18]       0.00000  0.00000  0.00000  1.00000  1.00000
prob[19]       0.00000  0.00000  1.00000  1.00000  1.00000
prob.new[1]    0.00000  0.00000  1.00000  1.00000  1.00000
prob.new[2]    0.00000  0.00000  1.00000  1.00000  1.00000
prob.new[3]    0.00000  0.00000  0.00000  1.00000  1.00000
prob.new[4]    0.00000  0.00000  1.00000  1.00000  1.00000
prob.new[5]    0.00000  0.00000  1.00000  1.00000  1.00000
prob.new[6]    0.00000  0.00000  1.00000  1.00000  1.00000
prob.new[7]    0.00000  0.00000  1.00000  1.00000  1.00000
prob.new[8]    0.00000  0.00000  0.00000  1.00000  1.00000
prob.new[9]    0.00000  0.00000  0.00000  1.00000  1.00000
prob.new[10]   0.00000  0.00000  1.00000  1.00000  1.00000
prob.new[11]   0.00000  0.00000  0.00000  1.00000  1.00000
prob.new[12]   0.00000  0.00000  0.00000  1.00000  1.00000
prob.new[13]   0.00000  0.00000  0.00000  1.00000  1.00000
prob.new[14]   0.00000  0.00000  0.00000  1.00000  1.00000
prob.new[15]   0.00000  0.00000  1.00000  1.00000  1.00000
prob.new[16]   0.00000  0.00000  0.00000  1.00000  1.00000
prob.new[17]   0.00000  0.00000  1.00000  1.00000  1.00000
prob.new[18]   0.00000  0.00000  0.00000  1.00000  1.00000
prob.new[19]   0.00000  0.00000  1.00000  1.00000  1.00000

