
Iterations = 70275:80250
Thinning interval = 25 
Number of chains = 3 
Sample size per chain = 400 

1. Empirical mean and standard deviation for each variable,
   plus standard error of the mean:

             Mean        SD  Naive SE Time-series SE
hr[1]   0.000e+00 0.000e+00 0.000e+00      0.000e+00
hr[2]   2.094e-08 1.119e-09 3.229e-11      0.000e+00
hr[3]   4.152e-07 1.429e-08 4.126e-10      0.000e+00
hr[4]   2.226e-07 5.426e-09 1.566e-10      0.000e+00
hr[5]   1.093e-05 1.169e-07 3.374e-09      1.164e-08
hr[6]   4.913e-06 2.152e-07 6.212e-09      2.615e-08
hr[7]   1.027e-06 5.772e-09 1.666e-10      0.000e+00
hr[8]   4.329e-07 1.678e-08 4.845e-10      0.000e+00
hr[9]   1.539e-06 4.689e-08 1.354e-09      0.000e+00
hr[10]  0.000e+00 0.000e+00 0.000e+00      0.000e+00
hr[11]  0.000e+00 0.000e+00 0.000e+00      0.000e+00
hr[12]  3.716e-05 0.000e+00 0.000e+00      0.000e+00
hr[13]  0.000e+00 0.000e+00 0.000e+00      0.000e+00
hr[14]  6.098e-04 0.000e+00 0.000e+00      0.000e+00
hr[15]  1.173e-04 0.000e+00 0.000e+00      0.000e+00
hr[16]  7.692e-04 0.000e+00 0.000e+00      0.000e+00
hr[17]  1.651e-03 0.000e+00 0.000e+00      0.000e+00
hr[18]  1.030e-04 0.000e+00 0.000e+00      0.000e+00
hr[19]  6.377e-04 0.000e+00 0.000e+00      0.000e+00
hr[20]  6.363e-05 0.000e+00 0.000e+00      0.000e+00
hr[21]  1.870e-04 0.000e+00 0.000e+00      0.000e+00
hr[22]  2.078e-05 0.000e+00 0.000e+00      0.000e+00
hr[23]  0.000e+00 0.000e+00 0.000e+00      0.000e+00
hr[24]  3.010e-04 0.000e+00 0.000e+00      0.000e+00
hr[25]  1.653e-02 0.000e+00 0.000e+00      0.000e+00
hr[26]  5.742e-03 0.000e+00 0.000e+00      0.000e+00
hr[27]  4.266e-05 9.339e-07 2.696e-08      1.015e-07
hr[28]  6.544e-04 8.519e-05 2.459e-06      8.836e-06
hr[29]  6.151e-04 3.409e-05 9.842e-07      3.124e-06
hr[30]  0.000e+00 0.000e+00 0.000e+00      0.000e+00
hr[31]  1.648e-03 0.000e+00 0.000e+00      0.000e+00
hr[32]  2.378e-03 0.000e+00 0.000e+00      0.000e+00
hr[33]  7.128e-03 0.000e+00 0.000e+00      0.000e+00
hr[34]  3.265e-03 0.000e+00 0.000e+00      0.000e+00
hr[35]  5.169e-03 0.000e+00 0.000e+00      0.000e+00
hr[36]  5.000e-03 0.000e+00 0.000e+00      0.000e+00
hr[37]  2.362e-03 0.000e+00 0.000e+00      0.000e+00
hr[38]  9.939e-03 0.000e+00 0.000e+00      0.000e+00
hr[39]  1.163e-03 0.000e+00 0.000e+00      0.000e+00
hr[40]  3.452e-03 0.000e+00 0.000e+00      0.000e+00
hr[41]  1.292e-03 0.000e+00 0.000e+00      0.000e+00
hr[42]  1.981e-04 0.000e+00 0.000e+00      0.000e+00
hr[43]  9.160e-04 0.000e+00 0.000e+00      0.000e+00
hr[44]  4.424e-03 0.000e+00 0.000e+00      0.000e+00
hr[45]  7.859e-05 0.000e+00 0.000e+00      0.000e+00
hr[46]  6.513e-05 3.722e-06 1.074e-07      3.235e-07
hr[47]  2.240e-04 3.940e-06 1.137e-07      5.346e-07
hr[48]  1.830e-04 2.105e-06 6.077e-08      5.309e-07
hr[49]  9.265e-05 2.372e-06 6.846e-08      5.448e-07
hr[50]  0.000e+00 0.000e+00 0.000e+00      0.000e+00
hr[51]  0.000e+00 0.000e+00 0.000e+00      0.000e+00
hr[52]  6.098e-04 0.000e+00 0.000e+00      0.000e+00
hr[53]  1.173e-04 0.000e+00 0.000e+00      0.000e+00
hr[54]  7.692e-04 0.000e+00 0.000e+00      0.000e+00
hr[55]  1.651e-03 0.000e+00 0.000e+00      0.000e+00
hr[56]  1.030e-04 0.000e+00 0.000e+00      0.000e+00
hr[57]  6.377e-04 0.000e+00 0.000e+00      0.000e+00
hr[58]  6.363e-05 0.000e+00 0.000e+00      0.000e+00
hr[59]  1.870e-04 0.000e+00 0.000e+00      0.000e+00
hr[60]  2.078e-05 0.000e+00 0.000e+00      0.000e+00
hr[61]  3.010e-04 0.000e+00 0.000e+00      0.000e+00
hr[62]  1.653e-02 0.000e+00 0.000e+00      0.000e+00
hr[63]  5.742e-03 0.000e+00 0.000e+00      0.000e+00
hr[64]  4.643e-05 1.918e-06 5.536e-08      4.315e-07
hr[65]  6.279e-04 4.593e-05 1.326e-06      2.351e-06
hr[66]  2.378e-03 0.000e+00 0.000e+00      0.000e+00
hr[67]  7.128e-03 0.000e+00 0.000e+00      0.000e+00
hr[68]  3.265e-03 0.000e+00 0.000e+00      0.000e+00
hr[69]  5.169e-03 0.000e+00 0.000e+00      0.000e+00
hr[70]  5.000e-03 0.000e+00 0.000e+00      0.000e+00
hr[71]  2.362e-03 0.000e+00 0.000e+00      0.000e+00
hr[72]  9.939e-03 0.000e+00 0.000e+00      0.000e+00
hr[73]  1.163e-03 0.000e+00 0.000e+00      0.000e+00
hr[74]  3.452e-03 0.000e+00 0.000e+00      0.000e+00
hr[75]  1.981e-04 0.000e+00 0.000e+00      0.000e+00
hr[76]  4.424e-03 0.000e+00 0.000e+00      0.000e+00
hr[77]  7.859e-05 0.000e+00 0.000e+00      0.000e+00
hr[78]  6.061e-05 1.907e-06 5.506e-08      1.868e-07
hr[79]  2.291e-04 4.560e-06 1.316e-07      1.130e-06
hr[80]  1.842e-04 1.544e-06 4.458e-08      6.121e-07
hr[81]  1.004e-04 3.540e-06 1.022e-07      6.015e-07
hr[82]  0.000e+00 0.000e+00 0.000e+00      0.000e+00
hr[83]  0.000e+00 0.000e+00 0.000e+00      0.000e+00
hr[84]  2.122e-08 7.243e-10 2.091e-11      0.000e+00
hr[85]  3.833e-07 1.153e-08 3.328e-10      0.000e+00
hr[86]  1.377e-07 4.727e-09 1.365e-10      0.000e+00
hr[87]  4.112e-07 2.750e-09 7.939e-11      0.000e+00
hr[88]  2.834e-07 7.756e-08 2.239e-09      0.000e+00
hr[89]  1.084e-05 1.911e-07 5.517e-09      2.884e-08
hr[90]  4.944e-06 3.003e-07 8.670e-09      3.044e-08
hr[91]  1.012e-06 3.601e-08 1.040e-09      6.835e-09
hr[92]  4.220e-07 1.540e-08 4.447e-10      0.000e+00
hr[93]  1.629e-06 5.931e-08 1.712e-09      5.774e-09
hr[94]  0.000e+00 0.000e+00 0.000e+00      0.000e+00
hr[95]  0.000e+00 0.000e+00 0.000e+00      0.000e+00
hr[96]  3.716e-05 0.000e+00 0.000e+00      0.000e+00
hr[97]  0.000e+00 0.000e+00 0.000e+00      0.000e+00
hr[98]  6.098e-04 0.000e+00 0.000e+00      0.000e+00
hr[99]  1.173e-04 0.000e+00 0.000e+00      0.000e+00
hr[100] 7.692e-04 0.000e+00 0.000e+00      0.000e+00
hr[101] 1.651e-03 0.000e+00 0.000e+00      0.000e+00
hr[102] 1.030e-04 0.000e+00 0.000e+00      0.000e+00
hr[103] 6.377e-04 0.000e+00 0.000e+00      0.000e+00
hr[104] 6.363e-05 0.000e+00 0.000e+00      0.000e+00
hr[105] 1.870e-04 0.000e+00 0.000e+00      0.000e+00
hr[106] 2.078e-05 0.000e+00 0.000e+00      0.000e+00
hr[107] 0.000e+00 0.000e+00 0.000e+00      0.000e+00
hr[108] 3.010e-04 0.000e+00 0.000e+00      0.000e+00
hr[109] 1.653e-02 0.000e+00 0.000e+00      0.000e+00
hr[110] 5.742e-03 0.000e+00 0.000e+00      0.000e+00
hr[111] 4.161e-05 7.680e-07 2.217e-08      1.688e-07
hr[112] 6.499e-04 2.447e-05 7.063e-07      5.685e-06
hr[113] 1.098e-06 6.726e-08 1.942e-09      0.000e+00
hr[114] 4.225e-07 6.130e-09 1.770e-10      0.000e+00
hr[115] 1.579e-06 5.146e-08 1.486e-09      0.000e+00
hr[116] 0.000e+00 0.000e+00 0.000e+00      0.000e+00
hr[117] 0.000e+00 0.000e+00 0.000e+00      0.000e+00
hr[118] 3.716e-05 0.000e+00 0.000e+00      0.000e+00
hr[119] 0.000e+00 0.000e+00 0.000e+00      0.000e+00
hr[120] 6.098e-04 0.000e+00 0.000e+00      0.000e+00
hr[121] 1.173e-04 0.000e+00 0.000e+00      0.000e+00
hr[122] 7.692e-04 0.000e+00 0.000e+00      0.000e+00
hr[123] 1.651e-03 0.000e+00 0.000e+00      0.000e+00
hr[124] 1.030e-04 0.000e+00 0.000e+00      0.000e+00
hr[125] 6.377e-04 0.000e+00 0.000e+00      0.000e+00
hr[126] 6.363e-05 0.000e+00 0.000e+00      0.000e+00
hr[127] 1.870e-04 0.000e+00 0.000e+00      0.000e+00
hr[128] 2.078e-05 0.000e+00 0.000e+00      0.000e+00
hr[129] 0.000e+00 0.000e+00 0.000e+00      0.000e+00
hr[130] 3.010e-04 0.000e+00 0.000e+00      0.000e+00
hr[131] 1.653e-02 0.000e+00 0.000e+00      0.000e+00
hr[132] 5.742e-03 0.000e+00 0.000e+00      0.000e+00
hr[133] 4.129e-05 1.481e-06 4.276e-08      3.186e-07
hr[134] 6.592e-04 9.077e-05 2.620e-06      3.548e-06
hr[135] 2.378e-03 0.000e+00 0.000e+00      0.000e+00
hr[136] 7.128e-03 0.000e+00 0.000e+00      0.000e+00
hr[137] 3.265e-03 0.000e+00 0.000e+00      0.000e+00
hr[138] 5.169e-03 0.000e+00 0.000e+00      0.000e+00
hr[139] 5.000e-03 0.000e+00 0.000e+00      0.000e+00
hr[140] 2.362e-03 0.000e+00 0.000e+00      0.000e+00
hr[141] 9.939e-03 0.000e+00 0.000e+00      0.000e+00
hr[142] 1.163e-03 0.000e+00 0.000e+00      0.000e+00
hr[143] 3.452e-03 0.000e+00 0.000e+00      0.000e+00
hr[144] 1.292e-03 0.000e+00 0.000e+00      0.000e+00
hr[145] 1.981e-04 0.000e+00 0.000e+00      0.000e+00
hr[146] 9.160e-04 0.000e+00 0.000e+00      0.000e+00
hr[147] 4.424e-03 0.000e+00 0.000e+00      0.000e+00
hr[148] 7.859e-05 0.000e+00 0.000e+00      0.000e+00
hr[149] 6.309e-05 7.506e-07 2.167e-08      1.134e-07
hr[150] 2.309e-04 1.031e-05 2.976e-07      4.081e-07
hr[151] 1.842e-04 2.020e-06 5.831e-08      2.581e-07
hr[152] 9.627e-05 4.690e-06 1.354e-07      5.423e-07
hr[153] 0.000e+00 0.000e+00 0.000e+00      0.000e+00
hr[154] 7.128e-03 0.000e+00 0.000e+00      0.000e+00
hr[155] 3.265e-03 0.000e+00 0.000e+00      0.000e+00
hr[156] 5.169e-03 0.000e+00 0.000e+00      0.000e+00
hr[157] 5.000e-03 0.000e+00 0.000e+00      0.000e+00
hr[158] 2.362e-03 0.000e+00 0.000e+00      0.000e+00
hr[159] 9.939e-03 0.000e+00 0.000e+00      0.000e+00
hr[160] 1.163e-03 0.000e+00 0.000e+00      0.000e+00
hr[161] 3.452e-03 0.000e+00 0.000e+00      0.000e+00
hr[162] 1.292e-03 0.000e+00 0.000e+00      0.000e+00
hr[163] 1.981e-04 0.000e+00 0.000e+00      0.000e+00
hr[164] 9.160e-04 0.000e+00 0.000e+00      0.000e+00
hr[165] 4.424e-03 0.000e+00 0.000e+00      0.000e+00
hr[166] 7.859e-05 0.000e+00 0.000e+00      0.000e+00
hr[167] 6.261e-05 4.867e-06 1.405e-07      2.463e-07
hr[168] 2.256e-04 3.522e-06 1.017e-07      2.117e-07
hr[169] 1.916e-04 5.242e-06 1.513e-07      6.060e-07
hr[170] 9.399e-05 1.823e-06 5.263e-08      2.928e-07
hr[171] 0.000e+00 0.000e+00 0.000e+00      0.000e+00
hr[172] 6.363e-05 0.000e+00 0.000e+00      0.000e+00
hr[173] 1.870e-04 0.000e+00 0.000e+00      0.000e+00
hr[174] 2.078e-05 0.000e+00 0.000e+00      0.000e+00
hr[175] 0.000e+00 0.000e+00 0.000e+00      0.000e+00
hr[176] 1.653e-02 0.000e+00 0.000e+00      0.000e+00
hr[177] 5.742e-03 0.000e+00 0.000e+00      0.000e+00
hr[178] 4.167e-05 2.099e-06 6.059e-08      1.459e-07
hr[179] 3.769e-04 6.642e-06 1.917e-07      1.203e-06
hr[180] 2.378e-03 0.000e+00 0.000e+00      0.000e+00
hr[181] 7.128e-03 0.000e+00 0.000e+00      0.000e+00
hr[182] 3.265e-03 0.000e+00 0.000e+00      0.000e+00
hr[183] 5.169e-03 0.000e+00 0.000e+00      0.000e+00
hr[184] 5.000e-03 0.000e+00 0.000e+00      0.000e+00
hr[185] 2.362e-03 0.000e+00 0.000e+00      0.000e+00
hr[186] 9.939e-03 0.000e+00 0.000e+00      0.000e+00
hr[187] 1.163e-03 0.000e+00 0.000e+00      0.000e+00
hr[188] 3.452e-03 0.000e+00 0.000e+00      0.000e+00
hr[189] 1.292e-03 0.000e+00 0.000e+00      0.000e+00
hr[190] 1.981e-04 0.000e+00 0.000e+00      0.000e+00
hr[191] 9.160e-04 0.000e+00 0.000e+00      0.000e+00
hr[192] 4.424e-03 0.000e+00 0.000e+00      0.000e+00
hr[193] 7.859e-05 0.000e+00 0.000e+00      0.000e+00
hr[194] 6.126e-05 2.987e-06 8.623e-08      1.274e-07
hr[195] 2.156e-04 1.407e-06 4.061e-08      3.226e-07
hr[196] 1.936e-04 9.829e-06 2.837e-07      1.027e-06
hr[197] 9.244e-05 1.301e-06 3.757e-08      1.498e-07
hr[198] 0.000e+00 0.000e+00 0.000e+00      0.000e+00
hr[199] 5.742e-03 0.000e+00 0.000e+00      0.000e+00
hr[200] 4.584e-05 5.714e-06 1.650e-07      1.228e-07
hr[201] 3.962e-04 6.044e-06 1.745e-07      1.153e-06
hr[202] 5.909e-04 6.612e-06 1.909e-07      1.292e-06
hr[203] 0.000e+00 0.000e+00 0.000e+00      0.000e+00
hr[204] 6.216e-05 1.142e-06 3.296e-08      2.275e-07
hr[205] 2.301e-04 1.027e-05 2.966e-07      1.125e-06
hr[206] 1.793e-04 2.215e-06 6.396e-08      3.896e-07
hr[207] 9.598e-05 2.698e-06 7.790e-08      9.251e-08
hr[208] 0.000e+00 0.000e+00 0.000e+00      0.000e+00
hr[209] 1.168e-02 0.000e+00 0.000e+00      0.000e+00
hr[210] 3.164e-01 0.000e+00 0.000e+00      0.000e+00
hr[211] 1.168e-02 0.000e+00 0.000e+00      0.000e+00
hr[212] 3.164e-01 0.000e+00 0.000e+00      0.000e+00
hr[213] 1.168e-02 0.000e+00 0.000e+00      0.000e+00
hr[214] 3.164e-01 0.000e+00 0.000e+00      0.000e+00
hr[215] 1.168e-02 0.000e+00 0.000e+00      0.000e+00
hr[216] 3.164e-01 0.000e+00 0.000e+00      0.000e+00

2. Quantiles for each variable:

             2.5%       25%       50%       75%     97.5%
hr[1]   0.000e+00 0.000e+00 0.000e+00 0.000e+00 0.000e+00
hr[2]   2.001e-08 2.013e-08 2.020e-08 2.240e-08 2.273e-08
hr[3]   3.934e-07 3.964e-07 4.213e-07 4.253e-07 4.322e-07
hr[4]   2.140e-07 2.152e-07 2.258e-07 2.267e-07 2.277e-07
hr[5]   1.077e-05 1.079e-05 1.097e-05 1.103e-05 1.110e-05
hr[6]   4.726e-06 4.758e-06 4.783e-06 5.105e-06 5.356e-06
hr[7]   1.018e-06 1.023e-06 1.026e-06 1.029e-06 1.042e-06
hr[8]   4.051e-07 4.112e-07 4.424e-07 4.457e-07 4.489e-07
hr[9]   1.475e-06 1.495e-06 1.530e-06 1.587e-06 1.620e-06
hr[10]  0.000e+00 0.000e+00 0.000e+00 0.000e+00 0.000e+00
hr[11]  0.000e+00 0.000e+00 0.000e+00 0.000e+00 0.000e+00
hr[12]  3.716e-05 3.716e-05 3.716e-05 3.716e-05 3.716e-05
hr[13]  0.000e+00 0.000e+00 0.000e+00 0.000e+00 0.000e+00
hr[14]  6.098e-04 6.098e-04 6.098e-04 6.098e-04 6.098e-04
hr[15]  1.173e-04 1.173e-04 1.173e-04 1.173e-04 1.173e-04
hr[16]  7.692e-04 7.692e-04 7.692e-04 7.692e-04 7.692e-04
hr[17]  1.651e-03 1.651e-03 1.651e-03 1.651e-03 1.651e-03
hr[18]  1.030e-04 1.030e-04 1.030e-04 1.030e-04 1.030e-04
hr[19]  6.377e-04 6.377e-04 6.377e-04 6.377e-04 6.377e-04
hr[20]  6.363e-05 6.363e-05 6.363e-05 6.363e-05 6.363e-05
hr[21]  1.870e-04 1.870e-04 1.870e-04 1.870e-04 1.870e-04
hr[22]  2.078e-05 2.078e-05 2.078e-05 2.078e-05 2.078e-05
hr[23]  0.000e+00 0.000e+00 0.000e+00 0.000e+00 0.000e+00
hr[24]  3.010e-04 3.010e-04 3.010e-04 3.010e-04 3.010e-04
hr[25]  1.653e-02 1.653e-02 1.653e-02 1.653e-02 1.653e-02
hr[26]  5.742e-03 5.742e-03 5.742e-03 5.742e-03 5.742e-03
hr[27]  4.137e-05 4.150e-05 4.280e-05 4.354e-05 4.397e-05
hr[28]  5.806e-04 5.836e-04 6.100e-04 7.421e-04 8.307e-04
hr[29]  5.598e-04 5.791e-04 6.183e-04 6.499e-04 6.546e-04
hr[30]  0.000e+00 0.000e+00 0.000e+00 0.000e+00 0.000e+00
hr[31]  1.648e-03 1.648e-03 1.648e-03 1.648e-03 1.648e-03
hr[32]  2.378e-03 2.378e-03 2.378e-03 2.378e-03 2.378e-03
hr[33]  7.128e-03 7.128e-03 7.128e-03 7.128e-03 7.128e-03
hr[34]  3.265e-03 3.265e-03 3.265e-03 3.265e-03 3.265e-03
hr[35]  5.169e-03 5.169e-03 5.169e-03 5.169e-03 5.169e-03
hr[36]  5.000e-03 5.000e-03 5.000e-03 5.000e-03 5.000e-03
hr[37]  2.362e-03 2.362e-03 2.362e-03 2.362e-03 2.362e-03
hr[38]  9.939e-03 9.939e-03 9.939e-03 9.939e-03 9.939e-03
hr[39]  1.163e-03 1.163e-03 1.163e-03 1.163e-03 1.163e-03
hr[40]  3.452e-03 3.452e-03 3.452e-03 3.452e-03 3.452e-03
hr[41]  1.292e-03 1.292e-03 1.292e-03 1.292e-03 1.292e-03
hr[42]  1.981e-04 1.981e-04 1.981e-04 1.981e-04 1.981e-04
hr[43]  9.160e-04 9.160e-04 9.160e-04 9.160e-04 9.160e-04
hr[44]  4.424e-03 4.424e-03 4.424e-03 4.424e-03 4.424e-03
hr[45]  7.859e-05 7.859e-05 7.859e-05 7.859e-05 7.859e-05
hr[46]  6.101e-05 6.261e-05 6.302e-05 6.914e-05 7.208e-05
hr[47]  2.191e-04 2.209e-04 2.227e-04 2.268e-04 2.325e-04
hr[48]  1.782e-04 1.822e-04 1.836e-04 1.845e-04 1.860e-04
hr[49]  8.978e-05 9.067e-05 9.196e-05 9.509e-05 9.695e-05
hr[50]  0.000e+00 0.000e+00 0.000e+00 0.000e+00 0.000e+00
hr[51]  0.000e+00 0.000e+00 0.000e+00 0.000e+00 0.000e+00
hr[52]  6.098e-04 6.098e-04 6.098e-04 6.098e-04 6.098e-04
hr[53]  1.173e-04 1.173e-04 1.173e-04 1.173e-04 1.173e-04
hr[54]  7.692e-04 7.692e-04 7.692e-04 7.692e-04 7.692e-04
hr[55]  1.651e-03 1.651e-03 1.651e-03 1.651e-03 1.651e-03
hr[56]  1.030e-04 1.030e-04 1.030e-04 1.030e-04 1.030e-04
hr[57]  6.377e-04 6.377e-04 6.377e-04 6.377e-04 6.377e-04
hr[58]  6.363e-05 6.363e-05 6.363e-05 6.363e-05 6.363e-05
hr[59]  1.870e-04 1.870e-04 1.870e-04 1.870e-04 1.870e-04
hr[60]  2.078e-05 2.078e-05 2.078e-05 2.078e-05 2.078e-05
hr[61]  3.010e-04 3.010e-04 3.010e-04 3.010e-04 3.010e-04
hr[62]  1.653e-02 1.653e-02 1.653e-02 1.653e-02 1.653e-02
hr[63]  5.742e-03 5.742e-03 5.742e-03 5.742e-03 5.742e-03
hr[64]  4.332e-05 4.456e-05 4.670e-05 4.828e-05 4.928e-05
hr[65]  5.764e-04 5.874e-04 6.104e-04 6.859e-04 7.050e-04
hr[66]  2.378e-03 2.378e-03 2.378e-03 2.378e-03 2.378e-03
hr[67]  7.128e-03 7.128e-03 7.128e-03 7.128e-03 7.128e-03
hr[68]  3.265e-03 3.265e-03 3.265e-03 3.265e-03 3.265e-03
hr[69]  5.169e-03 5.169e-03 5.169e-03 5.169e-03 5.169e-03
hr[70]  5.000e-03 5.000e-03 5.000e-03 5.000e-03 5.000e-03
hr[71]  2.362e-03 2.362e-03 2.362e-03 2.362e-03 2.362e-03
hr[72]  9.939e-03 9.939e-03 9.939e-03 9.939e-03 9.939e-03
hr[73]  1.163e-03 1.163e-03 1.163e-03 1.163e-03 1.163e-03
hr[74]  3.452e-03 3.452e-03 3.452e-03 3.452e-03 3.452e-03
hr[75]  1.981e-04 1.981e-04 1.981e-04 1.981e-04 1.981e-04
hr[76]  4.424e-03 4.424e-03 4.424e-03 4.424e-03 4.424e-03
hr[77]  7.859e-05 7.859e-05 7.859e-05 7.859e-05 7.859e-05
hr[78]  5.763e-05 5.866e-05 6.065e-05 6.246e-05 6.384e-05
hr[79]  2.248e-04 2.263e-04 2.269e-04 2.308e-04 2.417e-04
hr[80]  1.804e-04 1.838e-04 1.842e-04 1.855e-04 1.866e-04
hr[81]  9.591e-05 9.733e-05 1.001e-04 1.032e-04 1.077e-04
hr[82]  0.000e+00 0.000e+00 0.000e+00 0.000e+00 0.000e+00
hr[83]  0.000e+00 0.000e+00 0.000e+00 0.000e+00 0.000e+00
hr[84]  2.013e-08 2.049e-08 2.119e-08 2.206e-08 2.226e-08
hr[85]  3.670e-07 3.746e-07 3.798e-07 3.966e-07 4.032e-07
hr[86]  1.305e-07 1.340e-07 1.352e-07 1.427e-07 1.447e-07
hr[87]  4.050e-07 4.096e-07 4.117e-07 4.129e-07 4.159e-07
hr[88]  2.211e-07 2.222e-07 2.369e-07 3.803e-07 4.118e-07
hr[89]  1.059e-05 1.066e-05 1.083e-05 1.104e-05 1.117e-05
hr[90]  4.654e-06 4.669e-06 4.823e-06 5.207e-06 5.476e-06
hr[91]  9.820e-07 9.882e-07 9.922e-07 1.029e-06 1.095e-06
hr[92]  4.004e-07 4.050e-07 4.215e-07 4.372e-07 4.481e-07
hr[93]  1.554e-06 1.557e-06 1.634e-06 1.691e-06 1.709e-06
hr[94]  0.000e+00 0.000e+00 0.000e+00 0.000e+00 0.000e+00
hr[95]  0.000e+00 0.000e+00 0.000e+00 0.000e+00 0.000e+00
hr[96]  3.716e-05 3.716e-05 3.716e-05 3.716e-05 3.716e-05
hr[97]  0.000e+00 0.000e+00 0.000e+00 0.000e+00 0.000e+00
hr[98]  6.098e-04 6.098e-04 6.098e-04 6.098e-04 6.098e-04
hr[99]  1.173e-04 1.173e-04 1.173e-04 1.173e-04 1.173e-04
hr[100] 7.692e-04 7.692e-04 7.692e-04 7.692e-04 7.692e-04
hr[101] 1.651e-03 1.651e-03 1.651e-03 1.651e-03 1.651e-03
hr[102] 1.030e-04 1.030e-04 1.030e-04 1.030e-04 1.030e-04
hr[103] 6.377e-04 6.377e-04 6.377e-04 6.377e-04 6.377e-04
hr[104] 6.363e-05 6.363e-05 6.363e-05 6.363e-05 6.363e-05
hr[105] 1.870e-04 1.870e-04 1.870e-04 1.870e-04 1.870e-04
hr[106] 2.078e-05 2.078e-05 2.078e-05 2.078e-05 2.078e-05
hr[107] 0.000e+00 0.000e+00 0.000e+00 0.000e+00 0.000e+00
hr[108] 3.010e-04 3.010e-04 3.010e-04 3.010e-04 3.010e-04
hr[109] 1.653e-02 1.653e-02 1.653e-02 1.653e-02 1.653e-02
hr[110] 5.742e-03 5.742e-03 5.742e-03 5.742e-03 5.742e-03
hr[111] 4.034e-05 4.081e-05 4.179e-05 4.201e-05 4.297e-05
hr[112] 6.140e-04 6.234e-04 6.529e-04 6.622e-04 6.948e-04
hr[113] 1.008e-06 1.050e-06 1.077e-06 1.169e-06 1.221e-06
hr[114] 4.143e-07 4.181e-07 4.194e-07 4.286e-07 4.331e-07
hr[115] 1.508e-06 1.514e-06 1.591e-06 1.626e-06 1.654e-06
hr[116] 0.000e+00 0.000e+00 0.000e+00 0.000e+00 0.000e+00
hr[117] 0.000e+00 0.000e+00 0.000e+00 0.000e+00 0.000e+00
hr[118] 3.716e-05 3.716e-05 3.716e-05 3.716e-05 3.716e-05
hr[119] 0.000e+00 0.000e+00 0.000e+00 0.000e+00 0.000e+00
hr[120] 6.098e-04 6.098e-04 6.098e-04 6.098e-04 6.098e-04
hr[121] 1.173e-04 1.173e-04 1.173e-04 1.173e-04 1.173e-04
hr[122] 7.692e-04 7.692e-04 7.692e-04 7.692e-04 7.692e-04
hr[123] 1.651e-03 1.651e-03 1.651e-03 1.651e-03 1.651e-03
hr[124] 1.030e-04 1.030e-04 1.030e-04 1.030e-04 1.030e-04
hr[125] 6.377e-04 6.377e-04 6.377e-04 6.377e-04 6.377e-04
hr[126] 6.363e-05 6.363e-05 6.363e-05 6.363e-05 6.363e-05
hr[127] 1.870e-04 1.870e-04 1.870e-04 1.870e-04 1.870e-04
hr[128] 2.078e-05 2.078e-05 2.078e-05 2.078e-05 2.078e-05
hr[129] 0.000e+00 0.000e+00 0.000e+00 0.000e+00 0.000e+00
hr[130] 3.010e-04 3.010e-04 3.010e-04 3.010e-04 3.010e-04
hr[131] 1.653e-02 1.653e-02 1.653e-02 1.653e-02 1.653e-02
hr[132] 5.742e-03 5.742e-03 5.742e-03 5.742e-03 5.742e-03
hr[133] 3.974e-05 4.004e-05 4.079e-05 4.209e-05 4.443e-05
hr[134] 5.725e-04 5.822e-04 6.153e-04 7.702e-04 8.106e-04
hr[135] 2.378e-03 2.378e-03 2.378e-03 2.378e-03 2.378e-03
hr[136] 7.128e-03 7.128e-03 7.128e-03 7.128e-03 7.128e-03
hr[137] 3.265e-03 3.265e-03 3.265e-03 3.265e-03 3.265e-03
hr[138] 5.169e-03 5.169e-03 5.169e-03 5.169e-03 5.169e-03
hr[139] 5.000e-03 5.000e-03 5.000e-03 5.000e-03 5.000e-03
hr[140] 2.362e-03 2.362e-03 2.362e-03 2.362e-03 2.362e-03
hr[141] 9.939e-03 9.939e-03 9.939e-03 9.939e-03 9.939e-03
hr[142] 1.163e-03 1.163e-03 1.163e-03 1.163e-03 1.163e-03
hr[143] 3.452e-03 3.452e-03 3.452e-03 3.452e-03 3.452e-03
hr[144] 1.292e-03 1.292e-03 1.292e-03 1.292e-03 1.292e-03
hr[145] 1.981e-04 1.981e-04 1.981e-04 1.981e-04 1.981e-04
hr[146] 9.160e-04 9.160e-04 9.160e-04 9.160e-04 9.160e-04
hr[147] 4.424e-03 4.424e-03 4.424e-03 4.424e-03 4.424e-03
hr[148] 7.859e-05 7.859e-05 7.859e-05 7.859e-05 7.859e-05
hr[149] 6.197e-05 6.242e-05 6.298e-05 6.382e-05 6.436e-05
hr[150] 2.204e-04 2.211e-04 2.270e-04 2.434e-04 2.495e-04
hr[151] 1.810e-04 1.825e-04 1.837e-04 1.860e-04 1.878e-04
hr[152] 9.073e-05 9.233e-05 9.443e-05 1.012e-04 1.046e-04
hr[153] 0.000e+00 0.000e+00 0.000e+00 0.000e+00 0.000e+00
hr[154] 7.128e-03 7.128e-03 7.128e-03 7.128e-03 7.128e-03
hr[155] 3.265e-03 3.265e-03 3.265e-03 3.265e-03 3.265e-03
hr[156] 5.169e-03 5.169e-03 5.169e-03 5.169e-03 5.169e-03
hr[157] 5.000e-03 5.000e-03 5.000e-03 5.000e-03 5.000e-03
hr[158] 2.362e-03 2.362e-03 2.362e-03 2.362e-03 2.362e-03
hr[159] 9.939e-03 9.939e-03 9.939e-03 9.939e-03 9.939e-03
hr[160] 1.163e-03 1.163e-03 1.163e-03 1.163e-03 1.163e-03
hr[161] 3.452e-03 3.452e-03 3.452e-03 3.452e-03 3.452e-03
hr[162] 1.292e-03 1.292e-03 1.292e-03 1.292e-03 1.292e-03
hr[163] 1.981e-04 1.981e-04 1.981e-04 1.981e-04 1.981e-04
hr[164] 9.160e-04 9.160e-04 9.160e-04 9.160e-04 9.160e-04
hr[165] 4.424e-03 4.424e-03 4.424e-03 4.424e-03 4.424e-03
hr[166] 7.859e-05 7.859e-05 7.859e-05 7.859e-05 7.859e-05
hr[167] 5.780e-05 5.857e-05 6.023e-05 6.859e-05 7.080e-05
hr[168] 2.198e-04 2.212e-04 2.276e-04 2.283e-04 2.292e-04
hr[169] 1.807e-04 1.865e-04 1.935e-04 1.960e-04 1.981e-04
hr[170] 9.026e-05 9.199e-05 9.453e-05 9.537e-05 9.682e-05
hr[171] 0.000e+00 0.000e+00 0.000e+00 0.000e+00 0.000e+00
hr[172] 6.363e-05 6.363e-05 6.363e-05 6.363e-05 6.363e-05
hr[173] 1.870e-04 1.870e-04 1.870e-04 1.870e-04 1.870e-04
hr[174] 2.078e-05 2.078e-05 2.078e-05 2.078e-05 2.078e-05
hr[175] 0.000e+00 0.000e+00 0.000e+00 0.000e+00 0.000e+00
hr[176] 1.653e-02 1.653e-02 1.653e-02 1.653e-02 1.653e-02
hr[177] 5.742e-03 5.742e-03 5.742e-03 5.742e-03 5.742e-03
hr[178] 3.970e-05 3.989e-05 4.072e-05 4.409e-05 4.508e-05
hr[179] 3.651e-04 3.693e-04 3.797e-04 3.813e-04 3.875e-04
hr[180] 2.378e-03 2.378e-03 2.378e-03 2.378e-03 2.378e-03
hr[181] 7.128e-03 7.128e-03 7.128e-03 7.128e-03 7.128e-03
hr[182] 3.265e-03 3.265e-03 3.265e-03 3.265e-03 3.265e-03
hr[183] 5.169e-03 5.169e-03 5.169e-03 5.169e-03 5.169e-03
hr[184] 5.000e-03 5.000e-03 5.000e-03 5.000e-03 5.000e-03
hr[185] 2.362e-03 2.362e-03 2.362e-03 2.362e-03 2.362e-03
hr[186] 9.939e-03 9.939e-03 9.939e-03 9.939e-03 9.939e-03
hr[187] 1.163e-03 1.163e-03 1.163e-03 1.163e-03 1.163e-03
hr[188] 3.452e-03 3.452e-03 3.452e-03 3.452e-03 3.452e-03
hr[189] 1.292e-03 1.292e-03 1.292e-03 1.292e-03 1.292e-03
hr[190] 1.981e-04 1.981e-04 1.981e-04 1.981e-04 1.981e-04
hr[191] 9.160e-04 9.160e-04 9.160e-04 9.160e-04 9.160e-04
hr[192] 4.424e-03 4.424e-03 4.424e-03 4.424e-03 4.424e-03
hr[193] 7.859e-05 7.859e-05 7.859e-05 7.859e-05 7.859e-05
hr[194] 5.875e-05 5.902e-05 5.943e-05 6.515e-05 6.626e-05
hr[195] 2.132e-04 2.144e-04 2.157e-04 2.165e-04 2.187e-04
hr[196] 1.821e-04 1.834e-04 1.920e-04 2.044e-04 2.102e-04
hr[197] 9.040e-05 9.108e-05 9.305e-05 9.349e-05 9.423e-05
hr[198] 0.000e+00 0.000e+00 0.000e+00 0.000e+00 0.000e+00
hr[199] 5.742e-03 5.742e-03 5.742e-03 5.742e-03 5.742e-03
hr[200] 4.031e-05 4.079e-05 4.320e-05 5.317e-05 5.468e-05
 [ reached 'max' / getOption("max.print") -- omitted 16 rows ]

