[[1]]
Markov Chain Monte Carlo (MCMC) output:
Start = 50275 
End = 60250 
Thinning interval = 25 
             beta[1]       beta[2]      beta[3]       beta[4]      beta[5]       beta[6] mulogsummer[1,1] mulogsummer[2,1] mulogsummer[1,2]
  [1,] -0.1899026991 -0.0240866041 -0.475053808  0.2299624903 -0.100254792 -0.1510203602         49.39277         67.11783         38.93022
  [2,] -0.0814419489 -0.1598505798 -0.456651103  0.3834499582 -0.230881746 -0.1359290709         38.76373         43.01682         35.14722
  [3,] -0.1725452319 -0.1037355411 -0.678388208  0.3509006531 -0.127225438 -0.0391640419         33.81833         58.21709         44.35374
  [4,]  0.1154427027 -0.0378401958 -0.117763142  0.2265093985 -0.315636066 -0.1255545906         39.69451         44.86716         57.80884
  [5,] -0.1237371923  0.0029400725 -0.776438919  0.6492433532 -0.118656188 -0.1834638036         34.24552         34.01619         27.94819
  [6,] -0.2448853545  0.1267663058 -0.781079546  0.5245906408 -0.048414890 -0.1220180480         37.67402         47.33859         49.66723
  [7,] -0.3536680879  0.0755092512 -0.330059867  0.1567486143 -0.106966910 -0.1220878698         36.26548         31.67182         52.48464
  [8,] -0.1251431119 -0.0213573902 -0.240636652  0.1952104954 -0.334619745 -0.0539045487         45.92521         51.08213         54.82869
  [9,] -0.3592572029 -0.1039315045 -0.626104745  0.3263575899 -0.241331142 -0.0847986898         44.39864         55.60093         35.51677
 [10,] -0.3232115045 -0.1628923019 -0.778780083  0.3499333915 -0.276261515  0.0656982766         52.09795         43.72456         47.22531
 [11,] -0.2004612163 -0.1875296973 -0.225045892  0.0105967663 -0.068055072 -0.1205895602         28.53661         49.44303         46.22734
 [12,] -0.0673944693 -0.0190315767 -0.162911716  0.1509778539 -0.185308495 -0.0672391455         40.25633         33.45277         56.42937
 [13,] -0.6018851007 -0.1022860305 -1.214660377  0.5785148637 -0.258820929 -0.0099294365         32.55762         39.56490         45.67140
 [14,] -0.0598978715 -0.0566452345 -0.139872317  0.0588343683 -0.083629033 -0.1281986226         35.20161         32.19385         39.69030
 [15,] -0.1080398060 -0.1870937887 -0.630729765  0.2847219159 -0.113201135 -0.0621985720         26.01176         40.88261         41.44758
 [16,] -0.2588634329 -0.0235779523 -0.678174169  0.4065085494 -0.073459423 -0.0680784818         48.92305         46.25120         46.84474
 [17,]  0.0297489908 -0.0707509366 -0.342463322  0.4360792410 -0.188018583 -0.0972051967         35.48665         55.42325         43.85184
 [18,] -0.4268269166 -0.1054860581 -0.229653914 -0.2863637458 -0.149204154 -0.0291140766         33.40990         40.39876         29.76143
 [19,] -0.1161734492 -0.1027402978 -0.045836002 -0.0909669081 -0.097244879 -0.0558563828         23.51698         43.27328         37.15138
 [20,] -0.1449927843 -0.1234236577 -0.044195499 -0.1910827013 -0.441973549 -0.0373913778         38.38921         47.18027         44.25857
 [21,] -0.1847544235 -0.0948221767 -0.247505277  0.0067012427 -0.375148960  0.0111189837         26.62266         38.03177         37.01498
 [22,]  0.0357556679 -0.1126180097 -0.555568406  0.3890441012 -0.095123659 -0.1348840273         50.53268         38.64362         56.42984
 [23,] -0.3378821681 -0.1097613266 -0.767785550  0.3882811249 -0.365394029 -0.0820729230         35.31758         53.06032         54.04469
 [24,] -0.1655091011 -0.1253891242 -0.185479783  0.0437927884 -0.230177754  0.0073896266         42.29661         53.13899         46.99275
 [25,] -0.1755857559 -0.0208417086 -0.792998655  0.6322414166 -0.297558767 -0.1106549293         42.32910         46.55594         38.75637
 [26,]  0.0407896953 -0.0122885986 -0.166886509  0.2022629157 -0.181812780 -0.0647639601         25.80746         37.35271         36.83391
 [27,] -0.2646751795 -0.1120420724 -0.277785825  0.0729741273 -0.345718146  0.0862554502         27.30334         31.40896         35.60509
 [28,] -0.2545929160 -0.1951249494 -0.386417549  0.0270827099 -0.355567719  0.1532770999         42.28467         43.51487         67.93350
 [29,] -0.0196727006  0.0667747655 -0.192576213  0.3279248613 -0.239930872 -0.0403155501         36.29595         42.94415         38.29556
 [30,] -0.0688931427  0.0575410092 -0.430722772  0.3955666413 -0.230221912 -0.1508243657         32.89929         41.65639         42.27990
 [31,] -0.1313311958 -0.0312879813 -0.413685741  0.3205166382 -0.176548327 -0.0596999683         26.70282         48.71611         34.94105
 [32,] -0.4807878338 -0.2194027100 -0.578079338 -0.1446798726 -0.039492791 -0.0745936229         33.14939         52.61762         51.38030
 [33,] -0.4199653950 -0.0457180550 -0.276305656 -0.1523565759 -0.448212198  0.0276198850         30.27684         34.67155         34.93327
 [34,] -0.1117863579 -0.0756222766 -0.381467857  0.2317388240 -0.060116235 -0.1259312876         39.57458         41.51283         50.34762
 [35,] -0.3264188220 -0.2268445362 -0.331612312 -0.0800827262 -0.286883451 -0.0784292432         23.66600         26.68212         48.59500
 [36,] -0.2958912839 -0.1321070243  0.003782728 -0.3823332050 -0.291547792 -0.0999841905         33.23017         44.88370         51.84505
 [37,] -0.3512847491 -0.0393763695 -0.400045535  0.1979865887 -0.141200623 -0.0231466636         48.07091         32.56965         48.82966
 [38,] -0.0326490805 -0.0192213355 -0.517683495  0.3878563227  0.009604365 -0.1304029182         32.19520         49.49555         37.34383
 [39,] -0.1405909685 -0.1910606595 -0.971469385  0.7227638449 -0.223818896 -0.1168220501         32.42926         49.20623         43.27996
 [40,] -0.0590057201 -0.0950707313 -0.745880744  0.6299336104 -0.098049102 -0.0211418531         46.30028         46.71561         40.88951
 [41,] -0.1371908596 -0.1107027259 -0.504848296  0.3026169695 -0.205364169 -0.0612425501         37.27352         44.02700         40.51277
 [42,] -0.3710568106 -0.0268878956 -0.094732182 -0.3554756746 -0.214541542 -0.0863765169         40.08874         36.34011         46.25408
 [43,] -0.0990973249 -0.1975288253  0.084230083 -0.3473809850 -0.154850638 -0.1236015091         22.82903         44.66557         36.53416
 [44,] -0.2120088529  0.0874640695 -0.387426733  0.2830284603 -0.198160503 -0.1663136839         38.36007         41.28014         51.19894
 [45,] -0.0249771850 -0.2302865489 -0.347281957  0.1682715189 -0.276665737  0.0325859356         37.85569         54.13294         47.65508
 [46,] -0.0844244235  0.0256719770 -0.583438898  0.6085012687 -0.257930961 -0.0726453076         44.69968         48.59243         43.75429
 [47,] -0.3642020084 -0.1474131034 -0.296469948 -0.1885836854 -0.195127224 -0.0723289582         47.99948         47.01319         46.53234
 [48,] -0.2217414521 -0.0623773441 -0.468324154  0.2236306100 -0.125746112 -0.2172533505         33.42979         41.97364         45.02036
 [49,] -0.2939686889 -0.0580848442 -0.638691842  0.2950406857 -0.224335826  0.0559587221         48.91619         58.22737         59.49406
 [50,] -0.2142727046 -0.0437691375 -0.249389860 -0.0138997969 -0.244372492 -0.1156336263         37.16718         44.25692         46.69728
 [51,] -0.0217535882 -0.1257377201  0.014180222 -0.0229963644 -0.481816055 -0.0392497097         29.02109         23.79730         34.86549
 [52,] -0.4563730141 -0.1560771505 -0.339648811 -0.3385853868 -0.210590330 -0.0268069973         57.18976         57.93661         51.39774
 [53,] -0.0157622256 -0.1525275949 -0.415041127  0.3431066009 -0.083270024 -0.1893988990         48.35988         49.94589         63.57259
 [54,] -0.2991472648 -0.0449612239 -0.500272736  0.1429632040 -0.185454672 -0.1114053209         50.51952         63.50377         49.02896
 [55,] -0.0933500371 -0.0747334873 -0.562201862  0.4569365722 -0.015236886 -0.2035977940         46.15635         52.17940         49.33799
 [56,] -0.2694741403 -0.2321475230 -0.445210622  0.0754368098 -0.164844321 -0.0245471978         40.14750         57.79364         52.81373
 [57,]  0.0300948449 -0.1812223025 -0.233221659  0.1460393027 -0.093769689 -0.1478139591         38.72555         44.19683         46.25302
 [58,] -0.1503198428  0.2440516557 -0.555188392  0.5721701140 -0.141535039 -0.1671060295         26.37851         31.50652         30.56558
 [59,] -0.1033286898 -0.1750930218 -0.525752311  0.3372716891 -0.242871966 -0.0543489022         36.88841         33.56488         44.27380
 [60,] -0.3561489262 -0.0782442964 -0.325025245  0.0720077108 -0.217339574 -0.2668145675         38.30035         46.05416         40.83250
 [61,] -0.2359456778 -0.0517993635 -0.599529905  0.2758137054 -0.216463991 -0.0091266154         31.26200         28.83453         31.58185
 [62,]  0.0923197702 -0.1139894491 -0.450740099  0.4847318491 -0.081597465 -0.0490728346         21.55557         27.73041         31.08463
 [63,] -0.3780078907 -0.0726670832 -0.497358691  0.1200335307 -0.089787844  0.0463219776         24.21742         43.46654         37.63767
 [64,] -0.2581516789 -0.0246431324 -0.708722439  0.4790132743 -0.285909728  0.0001046676         42.27462         50.94507         32.09954
 [65,] -0.2842170709 -0.1901238750 -0.414554210  0.0963534848 -0.297230896  0.0285831734         30.76344         44.03280         55.97555
 [66,] -0.1131921304 -0.0610529506 -0.107086440  0.0075390084 -0.182859742  0.0280688281         37.55918         47.40204         46.92238
 [67,] -0.2411408964 -0.0781839980 -0.242480079  0.0108212659 -0.385514357 -0.0645752420         33.66369         39.40343         46.03807
 [68,] -0.2554391558  0.0175910780 -0.470749190  0.1890103403 -0.307194448  0.0633644782         43.43511         48.78207         37.63101
 [69,]  0.0211230105 -0.2055022828 -0.674366587  0.6097661196 -0.095657255 -0.2632940098         20.44236         35.06248         33.95396
 [70,] -0.1256699013 -0.1499479718 -0.830856726  0.6372563520 -0.235371575 -0.2217993116         22.46309         20.63401         26.07343
 [71,] -0.1292024827 -0.1248153849 -0.417682719  0.1546725599 -0.286248143 -0.0225724264         20.30755         25.35952         27.44118
 [72,] -0.0719996616  0.0606155839 -0.372930281  0.3018477977 -0.146472334 -0.0814977861         35.45683         42.51845         26.52678
 [73,]  0.0941816037 -0.0200020685 -0.769668898  0.7720591265 -0.132395124 -0.1935436552         36.24431         36.01247         51.51269
 [74,] -0.0694215928  0.0126841718 -0.424071409  0.2815946518 -0.409670988  0.0536589706         35.03101         46.34285         48.66224
 [75,] -0.3744613389 -0.0391135713 -0.801515661  0.5579573172 -0.167455400 -0.0370435026         48.16688         44.79779         43.07506
 [76,]  0.0308692793  0.1278412141 -0.897081609  0.8696652063 -0.057838732 -0.2348067989         31.81532         27.39712         30.88396
       mulogsummer[2,2]  sd.index sigmalogsummer t.sd.index
  [1,]         65.47515 0.8784354      10.303273 0.45900820
  [2,]         48.77516 0.8984893       9.032744 0.57920570
  [3,]         66.48892 0.8495921      10.382314 0.46503489
  [4,]         51.00437 0.9676039      10.715870 1.60354372
  [5,]         37.37454 0.9308834       7.402668 1.28645010
  [6,]         63.38941 0.8912440      10.735644 1.80354035
  [7,]         83.80054 0.9735241      10.530052 1.21029383
  [8,]         62.37938 0.9352021      10.580865 0.88748039
  [9,]         46.35070 0.8923774      10.219162 1.98780498
 [10,]         67.96105 0.9417740      10.737625 0.67997359
 [11,]         71.12164 0.9403615      10.639109 1.63947540
 [12,]         69.47717 0.8874750      10.458378 1.87477459
 [13,]         49.17434 0.9681806       9.365222 0.14559082
 [14,]         45.62173 0.9760923       8.644909 0.78676542
 [15,]         38.53347 0.9527233       8.203870 0.20766814
 [16,]         52.14434 0.8986006      10.131021 1.24078731
 [17,]         63.64632 0.9111285      10.376596 0.88312979
 [18,]         39.70714 1.0516479       8.143747 1.03910758
 [19,]         58.17097 0.9743265       8.567512 0.49682020
 [20,]         46.07211 0.9674980      10.121479 1.09876014
 [21,]         41.24582 0.8541737       8.892638 1.46688828
 [22,]         76.09478 0.9578806      10.645880 0.70151512
 [23,]         62.36690 1.0379484      10.481269 0.44518157
 [24,]         48.95204 0.9683253       9.797617 1.53853764
 [25,]         56.16301 0.8832507       9.518515 1.18945752
 [26,]         50.30975 0.9085627       8.250424 0.27236500
 [27,]         42.71922 0.9062023       7.630720 1.78047196
 [28,]         77.38207 0.8578657      10.702279 0.17281748
 [29,]         64.06362 0.8984959      10.001531 1.83832874
 [30,]         52.90214 0.9280542       9.122406 1.83472484
 [31,]         48.51982 0.9220895       8.827238 1.09856119
 [32,]         61.24673 0.9740816       9.280561 0.83984558
 [33,]         47.88893 0.9630401       8.384423 1.77752525
 [34,]         52.66930 0.9479679       9.902216 1.77055576
 [35,]         45.62130 0.9541329       9.269232 1.53160216
 [36,]         50.30052 0.9886897      10.104075 0.97244396
 [37,]         53.79702 0.9444743       9.507207 0.51649853
 [38,]         47.60564 0.8809351       8.835838 1.80086349
 [39,]         55.83575 0.9372648       9.916756 1.14207543
 [40,]         57.03638 0.9465716       9.683024 1.28568216
 [41,]         53.66833 0.8219595       9.663244 0.10476159
 [42,]         48.93274 0.9252013       8.856090 0.72070036
 [43,]         54.37828 0.8908894       9.304207 1.06612649
 [44,]         52.79889 0.9340068       9.579963 0.68093564
 [45,]         61.76329 0.9890147       9.881405 1.44223938
 [46,]         53.99240 0.9987307       9.772496 0.53878207
 [47,]         68.99516 0.9490624      10.723346 0.54085333
 [48,]         60.31547 0.9781440       9.501253 1.59572219
 [49,]         64.45395 1.0111580      10.735678 1.43938603
 [50,]         46.96300 0.9451327       8.493006 0.39079718
 [51,]         41.04067 0.9394435       7.282326 1.92198872
 [52,]         94.42088 0.9190333      10.620246 0.45038687
 [53,]         61.23396 0.9159652      10.710547 1.19796014
 [54,]         55.78384 0.9300005      10.049039 1.52678327
 [55,]         53.04761 1.0019923       9.552753 1.13421645
 [56,]         65.08211 0.9629432      10.412028 1.71041943
 [57,]         58.41540 0.9675419      10.111210 1.29974467
 [58,]         36.02865 0.9332557       6.631138 1.72019816
 [59,]         48.80892 0.9535265       9.012943 0.94795031
 [60,]         57.20320 0.9343485       9.419630 1.75777433
 [61,]         41.16892 0.9053680       7.281292 1.28116989
 [62,]         39.97938 0.8935888       7.657429 0.41374532
 [63,]         51.84181 0.9279753       8.643784 1.83797896
 [64,]         50.41344 0.8729562      10.425606 0.62145989
 [65,]         49.20360 0.9806436      10.271429 1.74825524
 [66,]         53.29131 0.8625505       9.089572 0.45572727
 [67,]         60.14656 1.0312940      10.169512 1.05581590
 [68,]         62.31953 0.8873736       9.843198 1.60964226
 [69,]         44.46025 0.9049346       7.532664 1.60260850
 [70,]         30.03518 0.9298084       5.480419 0.87236824
 [71,]         29.63043 0.8807840       5.877147 1.01097760
 [72,]         52.90030 0.9889213       8.559190 1.41169286
 [73,]         72.42137 0.8806021      10.745609 0.72307650
 [74,]         49.07040 0.9617837      10.252590 1.80214769
 [75,]         48.33621 0.9988360       9.209353 0.44132172
 [76,]         44.11238 0.9641059       7.875528 0.15347998
 [ reached 'max' / getOption("max.print") -- omitted 324 rows ]

[[2]]
Markov Chain Monte Carlo (MCMC) output:
Start = 50275 
End = 60250 
Thinning interval = 25 
            beta[1]      beta[2]      beta[3]       beta[4]       beta[5]       beta[6] mulogsummer[1,1] mulogsummer[2,1] mulogsummer[1,2]
  [1,] -0.086956856 -0.138418890 -0.326633771  0.2122335554 -8.941028e-02  0.0304054709         33.11440         38.47622         47.23253
  [2,] -0.167242690 -0.078923400 -0.358957016  0.1435701908 -2.340446e-01 -0.0038885549         36.99151         33.31104         39.10940
  [3,] -0.054002889  0.022412528 -0.083618369  0.0608579433 -2.104271e-01 -0.1835047592         33.52477         42.73572         35.56435
  [4,]  0.099168012 -0.004214360 -0.476242134  0.6608584310 -2.298414e-01  0.0526781862         44.43589         49.55466         42.68748
  [5,] -0.319343755 -0.094491590 -0.681925905  0.3191597782 -2.526111e-01 -0.0133201620         37.32331         45.57714         47.91161
  [6,]  0.247842065 -0.086245742 -0.337424095  0.6212717605 -2.126094e-01 -0.0438988900         18.61700         37.35522         32.77715
  [7,] -0.193167524 -0.211144594 -0.573754496  0.3116167310 -4.668200e-02 -0.0964780582         38.63514         36.86552         56.49014
  [8,] -0.449560191 -0.138734341 -0.374192724 -0.1400578394 -2.604818e-01 -0.0332446089         40.14303         44.83039         45.78267
  [9,] -0.240847484 -0.224690681 -0.351003184 -0.1157122929 -1.304762e-01 -0.1980513714         41.12748         42.73887         46.70517
 [10,] -0.347655937  0.042582897 -0.031732822 -0.3363787346 -6.843054e-02 -0.0558288935         45.27313         40.96361         49.82794
 [11,] -0.244266655 -0.226872926 -0.216766311 -0.0999006434 -2.483431e-01 -0.0695272502         36.29775         44.70395         53.65421
 [12,] -0.119031035  0.043265230 -0.460921375  0.3421850174 -2.129289e-01  0.0802628460         37.32139         41.66826         57.02550
 [13,] -0.296458508 -0.278061235 -0.727581405  0.1830247870 -1.313698e-01 -0.0469998249         38.10589         45.51980         41.40940
 [14,] -0.038714753 -0.075501760 -0.177487634  0.0630439247 -3.854093e-01  0.1808601383         35.63399         31.87104         46.28697
 [15,] -0.184131479 -0.008265583 -0.161964228  0.0865207191 -2.608057e-01 -0.0354218422         27.05360         39.78841         35.62426
 [16,] -0.502950021 -0.034762146 -0.622722398  0.0527331763 -1.684791e-01  0.1637578936         38.79172         53.60960         43.58167
 [17,] -0.130012019 -0.027360817 -0.313040367  0.2309176319 -3.102532e-01 -0.0251074796         34.27973         34.99990         36.73851
 [18,] -0.396647857 -0.123008609 -0.507668798 -0.1016714390  1.179348e-01 -0.2281704557         24.36144         43.24204         42.79245
 [19,] -0.005935383 -0.003987330 -0.234968342  0.2517983361 -5.809063e-02 -0.1705259927         28.70608         38.27809         49.45138
 [20,] -0.142655845 -0.291184521 -0.481659456  0.0477216374 -2.040018e-01 -0.1879717958         40.34285         55.29703         59.63723
 [21,] -0.297676960 -0.065823942  0.014318312 -0.2300956184 -2.167334e-01 -0.1031743119         24.78702         39.41020         31.47185
 [22,] -0.008501566  0.006059463 -0.290626938  0.2595132921 -6.077615e-02 -0.1695038196         43.42399         40.36848         56.99407
 [23,] -0.355305889 -0.277096324 -0.444822092 -0.1149964876 -1.800806e-01 -0.0947928415         33.13648         44.04614         37.80067
 [24,] -0.130126815 -0.052809024 -0.563557009  0.3083765423 -2.278917e-01 -0.1139272616         40.19409         48.84758         45.72335
 [25,] -0.293696928 -0.155971379 -0.612136937  0.1982801444 -5.244196e-01  0.0186665944         36.63395         50.80670         46.56651
 [26,] -0.106728100  0.001304606 -0.360964614  0.2880042427 -1.802170e-01 -0.0204865744         31.63635         38.61711         40.19765
 [27,] -0.283540002 -0.045509640 -0.412358101  0.1087013921 -3.069118e-01 -0.0388015460         24.69875         29.89611         21.70187
 [28,] -0.292940508 -0.114351784 -0.363150616  0.0019827380 -2.343225e-02 -0.0978728206         34.32805         50.38784         43.00084
 [29,] -0.244538929 -0.162910844 -0.088707615 -0.3861600000 -2.902309e-01  0.0482840329         33.72095         50.50373         41.16567
 [30,] -0.256912766 -0.128179703 -0.398585032  0.0914960015 -2.492691e-01  0.0951807655         39.88730         36.66419         33.50498
 [31,] -0.303597570 -0.142037218 -0.351659789 -0.0336945481 -1.873005e-01 -0.0743483343         49.52924         42.37725         42.58379
 [32,]  0.031193540  0.037597855 -0.616431269  0.7637928813 -5.773757e-02 -0.1600401511         22.07262         42.86471         39.78646
 [33,] -0.099179163 -0.186667825 -0.444587054  0.1491083344 -8.157299e-02 -0.1660454545         23.40438         28.95041         50.00387
 [34,] -0.177251366 -0.089110668 -0.331354182  0.0019849197 -1.702732e-01 -0.0556544695         45.36610         49.46419         46.71730
 [35,] -0.105186788  0.080653736 -0.481565301  0.4719735590 -4.408192e-01  0.0898207742         49.60186         52.52650         40.48984
 [36,] -0.321825436 -0.017700661 -0.472897945  0.0307901235 -2.339194e-02 -0.1711661121         41.41742         28.27035         42.15056
 [37,] -0.478361812  0.170968421  0.013271232 -0.2121436125 -8.383352e-02  0.0621533318         44.75638         54.79087         61.40371
 [38,] -0.093743064 -0.036912631 -0.050302423 -0.0298084846 -2.299539e-01 -0.0443748657         30.39375         33.07232         27.60649
 [39,] -0.455894604 -0.086849361  0.016095057 -0.5541212564 -1.712532e-01 -0.0781594917         43.37695         49.02329         42.61844
 [40,]  0.092116563 -0.100072740  0.022139267 -0.0071027661 -3.203789e-01  0.0611784372         37.88065         51.64507         43.80244
 [41,] -0.187140596 -0.185239005 -0.840307572  0.5287527128 -2.752031e-01  0.0403516328         46.03830         47.88832         48.96259
 [42,]  0.159094181 -0.092611246 -0.710132096  0.8267076368 -2.251980e-01 -0.0216511050         29.11792         43.06909         41.89212
 [43,] -0.107224763  0.040975202 -0.730834002  0.6279170738 -2.604784e-02 -0.2024695212         40.02735         41.89668         45.75309
 [44,] -0.102220953 -0.204200309 -0.349588888  0.0284881726 -1.576213e-01 -0.0818745246         47.85201         41.11620         44.28776
 [45,] -0.153030729 -0.128568876 -0.463509525  0.3599672725 -2.673511e-01 -0.0872892382         47.54037         49.59366         48.90022
 [46,] -0.050373665  0.052908279 -0.489637771  0.4339767365 -2.282899e-01 -0.0976775560         44.49229         47.93631         43.96598
 [47,]  0.051436941 -0.070809413 -0.740649246  0.8921633895 -3.724773e-02 -0.2144934267         29.77305         48.43521         40.91459
 [48,] -0.071029838 -0.103002740 -0.566413612  0.4501649135 -2.811757e-01  0.0392913180         40.93826         40.35765         43.63270
 [49,]  0.098514020 -0.192085900 -0.175762773  0.1144607319 -1.055003e-01 -0.2090781626         31.82100         42.19018         51.66399
 [50,]  0.148623626  0.142025503 -0.611084954  0.8666396525 -9.266850e-02 -0.1384808588         38.94945         42.44069         39.19480
 [51,] -0.089041642 -0.049269717 -0.566198302  0.4816032864 -2.705841e-01 -0.0108604051         49.78304         39.91369         59.08745
 [52,] -0.125547710 -0.185011984 -0.343294823  0.2037439416 -2.879060e-01 -0.1124685246         39.64559         47.84868         43.54799
 [53,] -0.352440333 -0.057632599 -0.395553396  0.0558926955 -1.595398e-01 -0.0473057177         21.93214         51.62404         46.52152
 [54,]  0.031863394 -0.043465891 -0.970375269  0.9836759544 -5.364617e-02 -0.2655272474         47.38642         50.46100         41.60102
 [55,]  0.014835394  0.029706399 -0.447967505  0.5484908853 -3.361941e-01 -0.0125937323         42.51377         54.24497         46.10227
 [56,] -0.240967145  0.021030765 -0.337482313  0.0023334475 -1.009229e-01 -0.0053644227         29.03265         43.84162         34.60394
 [57,] -0.252441332 -0.164713845 -0.452119340  0.1758176026 -2.437058e-01 -0.1259559716         48.27799         53.59299         51.90678
 [58,] -0.327830548 -0.102017492 -0.434392864  0.0423087596 -2.444928e-01  0.0385027312         41.72332         38.24983         47.60963
 [59,] -0.330012113 -0.057644658 -0.205091585 -0.0366741532 -2.802901e-01 -0.0308244639         34.39096         61.17405         45.44851
 [60,] -0.256480201 -0.139207060 -0.086521153 -0.2365571887 -2.345358e-01 -0.0180093159         37.09321         43.26733         52.02057
 [61,] -0.055264752 -0.133212191 -0.134748571  0.0083158619 -3.211561e-01 -0.1603215452         45.94458         52.78675         56.53995
 [62,] -0.178480004 -0.047998825 -0.824504473  0.5984814717 -7.413241e-02 -0.1578632960         38.64749         39.52756         49.57824
 [63,] -0.374388174  0.021273394 -0.667564801  0.3486538291 -2.042103e-01  0.0102731346         41.06638         53.11116         46.55001
 [64,]  0.515758891  0.084339004 -0.599257313  1.1414305079 -3.706600e-01 -0.0795764945         27.83972         54.60212         53.17931
 [65,] -0.177352527 -0.095155118 -0.908694544  0.7344423862 -1.650379e-01 -0.1369813114         32.99586         63.02975         46.65680
 [66,] -0.134456761 -0.076302637 -0.468687519  0.2741607478 -8.275690e-02 -0.2158935210         38.26119         47.89545         45.49080
 [67,] -0.092580770 -0.058495129 -0.556306341  0.4325280425 -2.386465e-01 -0.1073063207         43.97832         53.27022         47.98206
 [68,] -0.171311157 -0.029940796 -0.710294240  0.5002670212 -2.456955e-01 -0.0589256694         46.27643         68.76805         45.30217
 [69,] -0.043227091 -0.005010350 -0.733678064  0.6866222522 -1.879581e-01 -0.0547969854         31.61431         31.55302         40.23848
 [70,]  0.048264169 -0.002651409 -0.637600015  0.7271496973 -9.036197e-02 -0.1339232559         31.13507         51.20835         45.67249
 [71,] -0.111311644 -0.100220712 -0.377258608  0.2184827603 -2.463170e-01  0.0631560784         36.68970         38.46599         49.09942
 [72,]  0.085440919 -0.269085765 -0.290666119  0.1787704098 -1.988522e-01 -0.1747200173         34.53409         31.10634         51.50536
 [73,] -0.013618132 -0.038999145 -0.714328090  0.5776248608 -2.322957e-01 -0.0204228280         45.45596         58.47595         49.45193
 [74,] -0.210073427  0.108760486 -0.324867479  0.1322608807 -1.904979e-01 -0.0579214218         44.65989         53.33233         57.04709
 [75,] -0.274993648 -0.077745139 -0.405473249  0.0614377347 -1.792091e-01 -0.1116974730         39.07889         54.61392         42.68498
 [76,]  0.295740422 -0.119508724 -0.390197481  0.5645258739 -2.884791e-01 -0.0081725704         48.35299         47.11380         44.48188
       mulogsummer[2,2]  sd.index sigmalogsummer t.sd.index
  [1,]         52.21953 0.9363581       9.329570  1.6765832
  [2,]         53.02281 0.9865476       9.018055  1.1250459
  [3,]         42.15078 0.9255327       8.828545  1.5454524
  [4,]         64.65247 1.0014357      10.241560  0.7097579
  [5,]         53.16488 0.9548376       9.948411  1.3285667
  [6,]         50.56713 0.9407993       8.756074  0.5513956
  [7,]         65.25276 0.9091962      10.459127  1.9380322
  [8,]         48.92803 0.9141740      10.644493  1.1515695
  [9,]         73.14540 0.9568533      10.277377  1.4807461
 [10,]         59.43822 0.8930453      10.094558  1.2165452
 [11,]         65.40769 0.8529198      10.046341  0.9062110
 [12,]         49.35551 0.9344369      10.378663  0.7281264
 [13,]         51.50814 0.9704571       9.530536  1.1337025
 [14,]         62.19442 0.9726626       9.705690  1.5377565
 [15,]         51.46823 0.9945121       9.005134  1.7915331
 [16,]         57.45385 0.9606915       9.802811  0.7743933
 [17,]         44.00670 0.9260347       9.313723  1.1610722
 [18,]         63.51248 0.9852773       8.741511  0.7347224
 [19,]         42.05312 0.9140927       8.410197  1.1201730
 [20,]         50.19421 1.0167180      10.493705  1.7151463
 [21,]         32.57646 1.0216277       7.481266  0.4369379
 [22,]         63.17568 0.9498446       9.945414  1.2002262
 [23,]         60.21913 0.9214724       8.892668  1.6344635
 [24,]         59.15979 0.9044141       9.964389  1.6976122
 [25,]         61.87622 0.9154035       9.963483  0.8927604
 [26,]         40.74739 0.9191779       7.892973  0.4134796
 [27,]         39.67740 1.0630227       6.508256  0.7869956
 [28,]         61.97647 0.8842148      10.598577  0.3414750
 [29,]         56.12373 0.9310444       9.451266  1.8300765
 [30,]         43.70744 0.9540747       8.520526  1.3576616
 [31,]         61.43714 0.9421788      10.543317  0.6832105
 [32,]         51.04179 1.0649857       9.445850  1.9209734
 [33,]         68.98769 0.9167160      10.586862  1.5412702
 [34,]         61.49438 0.8953312       9.859424  1.2166681
 [35,]         46.50402 0.9430469       9.929450  1.7239874
 [36,]         51.22608 0.9215539      10.572755  0.5544941
 [37,]         67.67636 0.9789659      10.647059  0.7821351
 [38,]         41.18740 0.9362750       7.069411  0.9688079
 [39,]         56.21170 0.9484623      10.432650  1.8765894
 [40,]         60.52652 0.9306509      10.330538  0.2638191
 [41,]         64.99109 1.0529484      10.512138  1.6825369
 [42,]         69.39378 0.8912362       9.495177  0.7389537
 [43,]         62.77751 0.9078284       9.950872  1.3273459
 [44,]         56.25515 0.9691859      10.192730  1.4153915
 [45,]         62.24062 0.9274186      10.197238  1.6210251
 [46,]         50.90844 0.9126757      10.010506  1.1386001
 [47,]         58.69451 0.9530392       9.620337  1.7609454
 [48,]         70.36702 0.9468430      10.121387  1.7727057
 [49,]         46.45519 1.0224272       9.001021  0.9725573
 [50,]         73.28205 0.9467409      10.461711  1.3631245
 [51,]         51.33784 0.9669405      10.720923  0.6313412
 [52,]         64.67397 0.8817904      10.355331  1.8687356
 [53,]         46.58973 0.9077216       9.264202  1.9032835
 [54,]         54.29256 0.8931817      10.117573  1.9736987
 [55,]         63.79242 1.0462666      10.673710  0.8574151
 [56,]         46.36720 1.0004117       8.350288  0.5447396
 [57,]         79.12579 0.9389612      10.740910  1.5953539
 [58,]         66.60404 0.9067882      10.482969  0.8180522
 [59,]         73.76834 1.0325478      10.352441  1.8340772
 [60,]         64.85996 0.8811139      10.167783  0.1184859
 [61,]         50.81372 0.9282273      10.528145  1.6956464
 [62,]         52.08250 0.9556117       9.700595  1.9503496
 [63,]         59.65965 0.9558007      10.088753  0.7672891
 [64,]         59.57286 1.0199417      10.200704  1.7816251
 [65,]         61.60798 0.9977608      10.084788  1.6193208
 [66,]         58.71564 0.9212239       9.835845  0.7346066
 [67,]         56.25574 0.9661224       9.932157  1.8993133
 [68,]         59.99985 0.8972898      10.409852  1.0282977
 [69,]         47.61624 0.9811148       9.252867  0.4603255
 [70,]         53.06363 0.9097533      10.073343  0.8102894
 [71,]         74.89194 0.8771085      10.151988  0.8202276
 [72,]         60.40972 0.9673487      10.253421  1.2356058
 [73,]         78.44443 0.9422801      10.600593  1.0970995
 [74,]         63.07620 0.9513555      10.700176  1.8670100
 [75,]         62.52363 0.9284282      10.171152  1.0813751
 [76,]         64.03541 0.9207054      10.346327  1.1350289
 [ reached 'max' / getOption("max.print") -- omitted 324 rows ]

[[3]]
Markov Chain Monte Carlo (MCMC) output:
Start = 50275 
End = 60250 
Thinning interval = 25 
             beta[1]       beta[2]       beta[3]       beta[4]       beta[5]       beta[6] mulogsummer[1,1] mulogsummer[2,1] mulogsummer[1,2]
  [1,] -0.1481185288 -0.1500625993 -0.3446754782  0.0519373775 -0.0943583385 -1.275206e-01         43.70847         54.96750         52.37899
  [2,] -0.0126969900 -0.1555257277 -0.3382880206  0.2583804894 -0.1378680310 -7.129842e-02         25.29789         50.84478         48.09348
  [3,] -0.2606621205 -0.1366739335 -0.3908283684  0.1372389286 -0.0371606710 -1.059745e-01         51.66078         57.26653         46.02634
  [4,] -0.3494041222 -0.0765976251 -0.5899556768  0.2062744556 -0.2729691627 -1.915253e-01         34.70555         49.13600         39.37601
  [5,] -0.3794142517  0.0923619148 -0.6230032083  0.3886658145 -0.2150333889 -1.518497e-01         36.94194         34.78696         38.78028
  [6,]  0.0561010052 -0.1033391115 -0.6748494015  0.6182874008 -0.1508366008 -1.253299e-01         32.12979         47.76124         43.26152
  [7,] -0.2653662468 -0.2560700377 -0.6856079109  0.3511154630 -0.2081710870  1.991052e-02         40.38621         36.37747         36.80522
  [8,] -0.1600683655  0.0583946686 -0.5667940185  0.4869963303 -0.2027388637 -1.103651e-01         25.84722         27.27397         32.81497
  [9,] -0.1458760109 -0.0854327933 -0.1974235273 -0.0069659591 -0.3374681352  6.966777e-02         38.65672         42.80966         40.09982
 [10,] -0.0081706740  0.0297328994  0.4316280939 -0.5014634297 -0.1592039923 -1.303860e-01         34.87473         28.43833         47.03543
 [11,] -0.3948662375 -0.1203203552 -0.1248413716 -0.2334095873 -0.2020468661 -6.920376e-02         37.26175         39.82371         44.10467
 [12,] -0.2841748182 -0.0245166629  0.4528980233 -0.7269034897 -0.0339069342 -1.238373e-01         20.86413         25.18454         33.78186
 [13,] -0.3589592815  0.0286507129 -0.6802508445  0.3964588502 -0.2642349523 -1.583430e-02         37.45897         45.98938         48.79071
 [14,] -0.2405617777  0.0315560066 -0.4180711393  0.1932772421 -0.0012845032 -1.403057e-01         34.29210         53.21798         54.41316
 [15,] -0.2586403495 -0.1339504160 -0.3754399130  0.0811559890 -0.3369426801 -5.148667e-02         47.64536         59.55126         42.38580
 [16,] -0.4972931967 -0.2613182957 -0.4055524775 -0.2595586309 -0.1530138367 -5.977037e-02         36.65680         51.71011         54.92049
 [17,] -0.2714829311 -0.1144842715 -0.1399898333 -0.2146499672 -0.2703098660  6.196728e-02         39.20092         54.91048         54.90398
 [18,] -0.2154287675 -0.2035658230  0.0120477997 -0.2671456809 -0.1277697777 -1.391673e-01         39.53056         37.86469         38.55564
 [19,]  0.0082959834 -0.1730615193 -0.1867630872  0.0915691817 -0.1716625060 -1.945541e-01         46.30924         59.88668         49.09618
 [20,]  0.0241046109 -0.0395412013 -0.0955618544  0.0911436758 -0.1622594836 -1.004584e-01         43.95441         38.91937         48.38093
 [21,] -0.0381323824  0.1295651051 -0.6194336190  0.7675744583 -0.2400607562  2.417144e-02         41.70374         55.87491         54.47446
 [22,] -0.1718501392 -0.1296521665 -0.6684345419  0.4741030546 -0.2157330319 -1.410113e-01         42.96003         47.03486         44.25220
 [23,] -0.2125695562  0.0689614221 -0.3066033358  0.2678943565 -0.3502766128 -3.321968e-02         31.94009         63.49408         50.23750
 [24,] -0.4178669896 -0.1782539307 -0.4876891659 -0.0277102370 -0.3875502894 -4.749427e-02         36.07174         42.11636         35.46759
 [25,] -0.0378704760 -0.1797370014 -0.3889296173  0.2337097572 -0.1780194108 -1.295619e-01         25.39077         51.77706         40.67926
 [26,] -0.0455044975 -0.0882228579 -0.8109699546  0.7917371861 -0.0226259571 -2.026466e-01         47.26214         43.86272         63.61165
 [27,] -0.0035922958 -0.1893473591 -0.2486097226  0.0495560123 -0.1688826283 -1.319736e-01         53.35398         69.48811         47.36468
 [28,] -0.1699910265 -0.1185355490  0.1211583908 -0.2294697274 -0.1614655548 -1.706353e-01         31.02299         42.41342         40.34560
 [29,]  0.0583063883 -0.0726881378 -0.3729203331  0.3749726520 -0.2160080022  8.737013e-02         31.86427         36.35247         40.24954
 [30,]  0.0332333880 -0.1005292909 -0.6531329400  0.7294201001 -0.3285954245 -1.051455e-01         38.61093         47.28612         35.61659
 [31,] -0.4361649642 -0.0308544678 -0.2730771219 -0.1426547730 -0.1359187984 -1.483092e-01         32.94436         50.29803         51.78702
 [32,]  0.1515085521  0.0667189844 -0.0331954302  0.2740144076 -0.1814611868 -1.808206e-02         38.12696         39.76976         33.47018
 [33,] -0.1413023499 -0.0536675078 -0.1658718617 -0.0289257666 -0.0943255222 -4.966653e-02         41.70763         59.85224         44.14429
 [34,]  0.1060023644  0.0193315069 -0.4998354684  0.4860277745 -0.0852400487 -1.965022e-01         32.11671         36.03032         38.91990
 [35,]  0.3303643742 -0.0122145999 -0.7090020300  0.9751569565  0.0321484257 -3.516063e-01         23.66901         27.25568         33.58907
 [36,] -0.0416559795 -0.1268048018 -0.4342383943  0.3031698332 -0.0557911389 -1.601926e-01         21.05283         20.74143         22.23706
 [37,] -0.2782089270 -0.0329744510 -0.3484729321  0.0008472832 -0.1483007186 -2.266439e-03         26.30010         36.21069         33.12928
 [38,] -0.0973269899 -0.1958292242 -0.5756071661  0.3180744276 -0.2750704048 -1.462272e-01         36.04827         44.29441         40.18984
 [39,] -0.1711249771 -0.2021427234 -0.5256421161  0.1813941475 -0.2538334977 -1.223929e-01         36.29109         39.10870         44.52369
 [40,] -0.5330506864 -0.0970485960 -0.5591312440 -0.1115046631 -0.1920739222 -1.174100e-01         53.41307         38.43381         61.77824
 [41,] -0.1067805627 -0.1454941495 -0.2961816700  0.0474460893 -0.2708053027 -1.230905e-01         30.52740         53.22392         50.12958
 [42,] -0.1241500914 -0.0622959319 -0.4302237470  0.2545895225 -0.1546266473 -2.295536e-02         30.10053         43.07150         46.00389
 [43,] -0.0304728565  0.0150540387 -0.4272636688  0.3799786262 -0.2504133820  3.598213e-03         32.20702         38.96568         48.75509
 [44,]  0.0046476141  0.0189390063 -0.6875703044  0.7429284322 -0.0644385649 -9.028625e-02         52.65970         44.28337         46.71532
 [45,] -0.3579890282 -0.0955061886  0.0696181450 -0.4005933839 -0.3548617310 -2.548614e-02         43.65336         44.28767         49.83287
 [46,] -0.1756551677 -0.0167001323 -0.2630372353  0.0915752021 -0.2054831271 -5.999373e-02         29.41408         48.02414         36.65349
 [47,] -0.0612979313 -0.0621149454 -0.3465378774  0.1977709989 -0.1464372339 -2.507138e-01         38.19915         49.43899         42.93234
 [48,] -0.1865357259  0.0263383705 -0.5755640243  0.4234081887 -0.2075743291 -5.560580e-02         36.27078         55.79456         41.50528
 [49,] -0.3118272668 -0.1813255156 -0.6564010788  0.2414457376 -0.1942335906 -8.509321e-02         40.23796         42.60342         43.15527
 [50,] -0.2210221252 -0.2720305222 -0.5769369357  0.0797997891 -0.1682532225  4.504092e-02         32.99666         48.75765         55.23467
 [51,] -0.2360513869 -0.0982727490 -0.5270331440  0.1895433614 -0.1755801624  1.522254e-02         38.84551         59.01556         50.33298
 [52,]  0.0142013714 -0.2055146420 -0.6389579942  0.6346076609 -0.3612961616  6.133656e-02         28.27670         33.47561         31.06690
 [53,] -0.2179808434 -0.0565881088 -0.5339833420  0.2543603151 -0.2338171394  2.588255e-02         46.09235         38.39696         34.03392
 [54,]  0.2786806326 -0.0861629224 -0.8379087612  1.0029942286 -0.0962954172 -1.922852e-01         38.18569         57.13154         42.98366
 [55,] -0.2225115164 -0.1020458187 -0.2015811676 -0.0915673719 -0.2156852840 -4.966091e-02         40.64347         50.71592         49.81654
 [56,] -0.0327510112  0.0278168511 -0.3591724895  0.3418392964 -0.1762766885 -1.034004e-01         31.78011         44.78306         43.36967
 [57,]  0.0280751933  0.0007470421 -0.2416958422  0.3583944078 -0.3052199551 -8.536015e-02         28.01461         35.67933         38.39910
 [58,]  0.1556522287 -0.1531529293 -0.2592989249  0.2959053431 -0.1765317837 -1.016703e-01         39.17860         35.62360         44.66338
 [59,] -0.0415632451 -0.1515686991 -0.7854883960  0.6431875532 -0.2390315705 -1.411041e-01         30.63140         28.43924         39.13242
 [60,]  0.1681219676 -0.1147162611 -0.7753540790  0.9910520950 -0.0211310052 -6.699654e-02         37.39151         45.16598         45.09578
 [61,] -0.0844811590 -0.1847675459 -0.7364589007  0.5982860281 -0.4525108104  2.663587e-02         33.21505         46.06498         45.50060
 [62,] -0.0472554674 -0.0518996610 -0.8261323261  0.7726238281 -0.3679081704  1.672815e-01         35.61988         29.60584         50.50611
 [63,] -0.1182277622 -0.0601843791 -0.2038236067  0.0127510244 -0.2630565379 -6.327920e-02         42.06068         50.25907         56.40004
 [64,]  0.1123925029  0.1307240465 -0.3519646891  0.5453797161 -0.2047217161 -4.185075e-02         46.89761         45.39948         61.13883
 [65,]  0.1760814889 -0.1682405610 -1.2892999848  1.3005348282 -0.2737633028 -8.468382e-02         39.58527         44.67085         49.22140
 [66,] -0.2408982427 -0.0753988868 -0.6976383094  0.3318372223 -0.0309442083 -3.110948e-02         36.39716         45.22752         48.69486
 [67,] -0.1557846452 -0.1848302768 -0.1240450940 -0.1029359797 -0.2247619460 -1.725409e-01         31.53269         56.49274         50.71737
 [68,] -0.1753109840 -0.0321367101  0.1815165631 -0.2338373769 -0.2086698413 -1.054467e-01         44.82033         52.34828         60.16484
 [69,] -0.1992627866 -0.2317668992 -0.4093912461  0.0332740662 -0.1868179813 -2.697487e-01         46.91495         51.61297         42.71168
 [70,] -0.4325973723 -0.1695720188 -0.0263253411 -0.4626951180 -0.2248665191  2.492701e-02         33.84334         51.80659         44.56012
 [71,] -0.2917493214 -0.1875413409 -0.0905719206 -0.2520588830 -0.2340408230 -4.938189e-02         32.24926         41.28713         39.59914
 [72,] -0.0444720419 -0.0222211845 -0.2690001129  0.1182453990 -0.0712558691 -1.291762e-01         34.27451         35.86993         34.93009
 [73,] -0.1602468340 -0.0001196086 -0.2873050298  0.0859492852 -0.1736593013  3.661056e-03         45.88302         55.55111         45.51930
 [74,] -0.0973464126 -0.1341848012  0.0270190049 -0.1563207790 -0.0709313268 -1.058779e-01         44.01666         50.53532         53.04588
 [75,]  0.0781155821  0.0190604904 -0.9121104227  0.9785067296 -0.0256302618 -2.413852e-01         40.55251         39.38770         50.80348
 [76,]  0.0003749139 -0.1095114609 -0.3119160181  0.2992093000 -0.3390987645  5.412545e-02         27.03149         33.18049         37.62698
       mulogsummer[2,2]  sd.index sigmalogsummer t.sd.index
  [1,]         60.08505 0.9133821      10.350648  1.8922709
  [2,]         62.99505 0.9316789      10.102323  1.6365011
  [3,]         69.75245 0.9936675      10.610280  0.5126093
  [4,]         62.54944 0.9469802       9.877457  1.9650849
  [5,]         49.18362 0.9079676       8.514674  1.5065874
  [6,]         59.86912 0.9776478       9.498002  0.9126821
  [7,]         51.17808 1.0160740       8.940146  1.1307375
  [8,]         40.56045 0.8863880       7.094868  1.4229207
  [9,]         40.63547 0.9984986       8.605412  0.3485726
 [10,]         47.41022 0.9432530       8.744138  1.0838537
 [11,]         49.39619 0.8661325       9.000819  1.5648184
 [12,]         39.92947 0.9669183       7.924030  1.2953733
 [13,]         53.44852 0.9081792       9.781834  1.6663061
 [14,]         53.69664 0.9788058      10.359530  1.5973436
 [15,]         57.72612 0.9714001      10.648585  0.6415938
 [16,]         71.51079 0.9377592      10.513498  0.7863992
 [17,]         54.99901 0.9259177      10.507033  0.3979079
 [18,]         53.48642 1.0505063       8.681475  1.2646234
 [19,]         59.55004 0.9166488      10.512267  0.8839993
 [20,]         55.40715 0.9561389      10.626260  0.1085860
 [21,]         57.02725 0.9473584      10.700961  0.7440969
 [22,]         63.84599 0.9168447      10.610490  0.1836720
 [23,]         63.29833 0.9844197      10.501059  1.2507897
 [24,]         44.14523 0.9581058       8.333133  1.7133330
 [25,]         49.72635 0.9247882      10.243996  1.7000939
 [26,]         57.83493 0.9647535      10.740864  0.9645288
 [27,]         44.06413 1.0088056      10.090021  0.6405937
 [28,]         41.60761 0.9282298       8.120121  1.6072235
 [29,]         47.37439 0.9683514       8.605039  1.4966894
 [30,]         39.15005 0.9863182       8.429393  1.4153669
 [31,]         66.04120 0.9529018      10.551445  1.0839118
 [32,]         41.05006 0.9882657       7.930159  0.5728043
 [33,]         59.68141 0.9741149       9.686536  1.0750222
 [34,]         61.27700 0.9646423       9.328269  1.8654181
 [35,]         35.77192 0.9094602       6.904588  0.7265868
 [36,]         30.62643 0.9147726       5.523591  1.7840968
 [37,]         49.16100 0.9988978       7.930071  0.2314232
 [38,]         43.76572 0.9526256       8.673613  1.9164982
 [39,]         60.29627 0.8943209      10.057173  1.6371681
 [40,]         55.21267 0.9507380      10.109163  1.6170402
 [41,]         67.17013 0.8728607      10.115947  1.9273667
 [42,]         58.43178 0.8927757       9.337108  0.7671108
 [43,]         72.62177 0.9468196      10.016480  0.9693968
 [44,]         66.19963 0.9105921      10.416101  0.4207300
 [45,]         53.72172 0.8982539      10.019707  1.7059944
 [46,]         51.46005 0.9607391       9.021928  0.6339533
 [47,]         63.16857 0.9567077       9.320960  0.2682140
 [48,]         59.46410 0.8950819       9.574053  1.1052059
 [49,]         50.35178 0.9276265       9.446422  1.2978652
 [50,]         61.87663 0.9029895      10.452395  0.9674777
 [51,]         74.34185 0.9020837      10.676192  0.4710813
 [52,]         40.05540 0.9718860       7.383263  1.4825541
 [53,]         58.04976 0.9754830       9.988565  0.4053023
 [54,]         50.97156 0.9485687      10.274035  1.1241448
 [55,]         70.42207 0.9427710      10.710288  1.9360010
 [56,]         50.73675 0.9294694       8.871752  1.1608132
 [57,]         47.47057 0.9106722       8.127007  1.1875591
 [58,]         64.25796 0.9572317      10.149316  1.0422574
 [59,]         39.22939 0.9953930       7.053088  0.6711444
 [60,]         65.37898 0.9188237       9.964075  1.6042617
 [61,]         61.96351 0.9772091       9.687441  1.1943083
 [62,]         65.90884 0.9773490      10.008542  0.8384888
 [63,]         75.11866 0.9067030      10.370980  1.1330419
 [64,]         64.34249 0.9449757      10.202238  0.7475073
 [65,]         58.54081 1.0012505      10.744231  0.4460412
 [66,]         67.65919 1.0154542      10.505224  1.7546272
 [67,]         48.17318 0.9134563       9.544482  1.9031807
 [68,]         63.35048 0.9879495      10.332545  0.9930075
 [69,]         68.47061 0.9273763      10.561953  1.4267719
 [70,]         68.64267 0.9315285       9.956614  0.4701517
 [71,]         71.98658 0.9770373      10.652162  1.5776940
 [72,]         44.22476 0.9206552       8.004756  1.5865436
 [73,]         57.72508 1.0153989      10.526649  0.4996919
 [74,]         63.02613 0.8779037       9.904137  0.5297473
 [75,]         60.10063 0.8613424      10.731915  1.1899314
 [76,]         47.55587 0.9365481       7.890934  1.5092499
 [ reached 'max' / getOption("max.print") -- omitted 324 rows ]

attr(,"class")
[1] "mcmc.list"
